1000 0
2818.69
6488.70
5162.53
8233.05
8845.65
5509.72
585.35
4855.32
5574.22
4371.23
611.73
2639.87
6472.72
122.54
1376.69
5070.75
4820.31
6419.83
8586.76
2328.14
167.11
514.52
9124.10
3624.73
9170.26
3441.39
9173.04
8661.19
5694.58
5703.64
2515.38
9736.98
5998.60
4603.81
2169.95
2351.66
4163.64
123.88
4860.88
8137.30
7778.54
3017.27
1336.80
7444.92
5507.25
1713.22
6123.58
5785.96
1682.09
8771.66
9440.51
5116.08
2075.65
2895.15
5563.00
3782.39
7961.64
5364.93
973.73
9139.09
4211.22
394.57
9948.37
387.93
1107.55
4541.16
1278.79
1098.14
6406.96
511.20
5584.26
5230.05
7505.98
4467.52
7578.38
607.34
4374.55
971.71
1738.84
6378.17
9966.91
9676.03
4673.55
6199.26
4004.24
2101.93
2013.54
6107.08
7407.80
4348.22
5553.73
5853.02
3798.26
1021.03
8959.30
3827.62
1851.97
2018.15
294.87
5622.13
3829.85
3065.55
9761.11
4817.95
3415.80
1448.38
1801.76
1250.36
9714.83
3916.40
270.76
5746.72
2373.58
5223.59
6365.07
2257.61
4927.21
178.53
7563.72
4721.53
6480.91
119.05
3350.90
7191.61
1928.53
7354.77
4532.32
5137.97
7418.17
7099.61
7206.34
7499.97
8309.75
9473.21
801.72
8560.94
265.16
2226.22
555.56
2980.76
3918.08
2663.89
7621.00
2800.35
3806.77
9351.21
8953.34
1952.76
8051.25
1957.99
3886.98
9129.45
8822.94
9954.60
6876.48
5691.02
4152.29
4630.20
4103.66
7582.19
435.84
1171.47
6371.81
8314.44
164.76
8481.97
8647.69
3059.66
4669.94
1644.99
5249.59
9473.22
1845.86
6087.36
7689.58
5514.79
6228.62
641.35
9773.33
650.49
3087.09
7094.09
8016.49
9866.97
1533.32
4780.29
3638.45
6888.18
2666.00
7688.37
8804.80
9405.67
1617.45
1574.30
27.45
4069.09
4037.43
3939.03
7010.49
3022.17
982.95
7964.20
8932.04
5927.47
5482.47
5347.13
1524.99
5695.16
3622.99
8757.12
7003.35
5494.20
3291.94
602.09
2493.50
3317.55
5565.24
7269.76
7269.55
8751.35
5720.88
2972.32
3968.21
4455.12
8599.16
2703.37
4788.33
5573.96
9689.05
4026.51
469.74
3711.74
7157.55
1833.43
6335.66
339.70
8342.69
8152.79
44.79
3881.57
1455.31
2528.72
6613.35
4705.80
5816.02
7503.73
7562.77
784.80
4834.23
4776.13
3244.35
9439.36
8694.22
7102.48
9397.54
9268.76
3274.16
2797.00
227.92
3211.25
9254.29
7713.01
9963.93
4438.66
271.53
147.71
186.61
8234.44
2881.65
1875.57
4224.60
9661.89
5706.85
8164.03
3178.62
5737.90
6306.46
3349.71
2408.35
3448.40
395.02
5160.94
7789.24
3513.48
1186.42
779.43
3788.45
5125.45
2512.66
9263.82
7801.61
1493.53
8338.95
6079.23
4097.32
681.29
1002.27
285.63
5621.10
5444.66
7576.03
5373.56
5800.92
1878.23
8508.03
3016.01
5810.88
5662.78
9430.77
1745.31
8749.35
2917.93
3166.68
6049.13
6252.27
9494.57
457.72
2603.36
4690.99
1769.48
3351.42
5712.27
3886.03
723.00
2991.47
45.62
3470.20
6321.92
972.24
6116.68
2702.29
1037.00
8290.18
5646.86
5996.67
3940.65
6291.81
5843.68
2103.48
2311.22
3998.90
1771.81
56.96
1972.08
5336.28
3831.02
3719.51
7482.65
4871.71
1280.79
3376.80
2591.10
5945.70
7649.60
5075.74
4295.08
2829.26
1372.73
413.74
771.79
5917.17
8290.36
1517.05
2671.58
626.68
7423.17
2954.91
7131.23
7315.88
4373.13
886.63
7489.01
4311.08
8050.90
2706.63
8112.40
1574.84
5745.46
4506.57
1555.73
1285.35
5991.63
8725.65
3725.93
1360.37
2516.79
2597.21
625.82
6669.34
7791.25
6250.24
7946.80
7433.17
3631.03
741.01
8074.10
7220.91
4802.08
3494.58
2072.94
7309.65
4941.88
9942.74
9060.42
8260.82
1526.92
9408.79
8176.65
583.40
7909.03
1205.30
8506.62
1758.90
1748.34
1010.58
5645.59
283.22
6744.51
4963.21
6770.38
6079.95
5118.16
3492.90
3625.94
5826.00
793.47
4808.04
3300.12
3493.84
1275.74
2880.23
8194.14
7115.33
9476.62
8982.13
2789.62
5864.72
8394.52
2989.88
9094.33
8856.94
2911.39
8479.72
2402.74
3462.77
1727.55
6679.95
470.84
6896.55
715.14
6019.56
2944.16
9808.98
9760.92
1610.86
7578.98
7428.75
6845.46
5659.01
6060.49
3238.42
4578.76
3592.99
8687.41
3005.25
8701.36
7009.70
6429.96
3439.05
4932.89
6412.90
7774.79
1105.62
4606.02
9851.32
990.33
9654.11
7829.33
2391.44
7313.13
7624.29
8758.56
3470.91
7640.55
6818.88
2578.88
9258.89
6284.85
1618.95
2217.09
627.16
7646.61
7032.08
5771.49
8490.48
5865.78
4325.40
8841.97
6013.20
9389.78
3660.81
4165.39
9726.75
35.04
7584.16
9959.41
5320.54
8095.93
9780.01
6962.19
1551.28
1310.49
7718.70
9122.56
8991.11
4139.16
9262.47
4627.70
433.86
3840.25
8894.86
2240.95
1968.07
2424.61
236.87
4034.50
1789.16
7625.69
6244.56
4123.77
7361.63
9703.08
1444.51
8339.27
2343.12
4466.77
2589.33
3794.55
2845.42
1425.90
1506.63
7850.46
2818.12
3829.46
9733.82
778.36
70.31
676.85
2736.03
1368.28
2432.88
7045.10
6339.44
1724.35
381.47
9443.45
5791.79
2983.13
2380.82
7606.43
8388.01
5538.61
0.16
1422.23
7111.97
5727.67
7298.27
964.49
3109.88
7706.27
9001.85
6870.11
3099.59
7833.46
2226.06
8186.16
5609.25
3915.07
1046.90
9800.22
8035.74
7891.24
8702.57
5905.63
6885.44
1847.71
3990.07
5793.70
6490.52
5693.27
281.96
7777.87
8506.58
408.68
9810.25
1533.44
9122.77
4103.45
5912.43
1506.80
9398.33
3276.37
4546.25
374.77
4271.07
3812.67
7508.27
5284.00
7241.36
6510.18
3936.17
6856.60
4996.14
4601.42
9092.39
2383.16
11.70
3522.59
8248.39
6387.69
2611.25
3264.94
8817.73
4350.24
3543.96
3306.70
1332.05
6260.45
1856.87
8747.32
7158.65
105.58
4099.67
3225.86
175.19
8342.21
9755.42
2639.56
1487.77
9993.63
6112.39
7934.43
2171.02
3485.90
2339.11
8941.54
1741.03
9557.73
8114.69
4964.66
6215.57
3809.78
8581.27
3923.27
5432.26
7046.79
7969.81
4243.17
7752.02
446.59
3.91
8715.37
148.15
1145.61
8666.57
9300.00
4130.96
8900.35
1285.66
979.04
2843.93
4616.00
5790.70
7299.03
7519.37
3101.33
6850.43
5.76
9888.19
2977.32
1463.42
1520.14
7536.99
5575.18
5971.54
6407.40
7348.85
2676.55
1310.00
4917.18
7182.61
5588.44
9088.98
2849.00
3768.82
1099.88
9306.04
640.72
9885.44
8960.14
133.71
2009.32
2162.54
4597.40
2135.51
2805.98
2342.18
8240.36
5914.73
3702.82
629.88
5368.20
1972.64
9800.87
6630.70
3949.81
6696.41
71.65
2842.90
8283.76
957.13
3011.64
136.99
483.69
3674.01
3270.02
446.60
8699.64
1294.23
7501.17
721.65
2573.19
4621.94
2352.68
4914.20
7271.13
1498.34
6857.94
5515.00
9944.64
5610.64
1972.91
9037.47
1042.29
2931.84
9789.58
8963.15
8853.68
5892.55
5814.98
8154.50
1087.29
5726.16
4400.62
9028.66
6111.63
798.67
5686.03
9534.86
8491.77
1895.38
6645.42
716.64
2551.69
3459.69
618.03
1548.02
9705.13
7359.87
3315.91
3929.62
3668.10
3905.63
8630.11
8853.80
5306.43
1972.18
239.95
8220.74
8731.30
5255.29
8490.44
3109.29
299.91
2343.62
765.02
8801.43
6351.18
1350.96
8248.57
2124.22
4763.97
6725.50
5678.72
13.60
987.05
3544.65
922.69
4020.34
3665.52
5180.07
7412.65
1642.21
1999.33
8562.02
662.77
4018.68
9287.75
2779.19
8308.41
2939.61
4532.20
3412.44
1094.57
3842.80
6827.63
7830.72
1787.18
4455.56
8159.57
3983.95
182.94
1901.44
4303.70
3599.55
579.37
7644.92
5736.01
3380.77
2485.89
700.13
1053.85
5783.04
8291.66
403.59
1748.78
8339.96
1569.07
4399.21
2.90
901.62
5894.08
2404.86
3936.34
9718.14
2271.22
1154.61
444.72
6128.85
2735.36
5321.16
4297.09
6871.95
6966.94
1885.54
758.49
1726.22
4273.01
4728.01
4819.22
2375.30
2487.47
8436.76
2867.48
9782.36
942.07
9938.36
7395.18
1891.46
2683.90
4706.14
3685.55
2964.95
5560.57
6861.98
5674.80
3753.65
4138.13
4811.73
2320.97
3263.67
5871.34
1687.03
5285.20
2806.77
2855.75
5250.61
8183.13
1721.37
5206.17
216.86
9881.96
4108.84
5669.23
8733.15
3528.71
249.88
2316.04
6176.53
7450.32
4886.95
4324.47
3874.62
4241.78
6387.45
793.78
471.42
1991.77
3253.97
2816.35
6000.17
8620.63
2325.20
8087.40
5967.77
3576.76
2959.53
1509.32
8272.98
2527.75
8406.36
9687.00
9172.11
6688.89
5063.66
1965.05
6821.89
6510.00
8977.70
5986.46
1254.46
9544.03
4184.49
920.35
8668.17
9314.97
2708.63
3621.01
118.03
9476.92
5760.31
381.35
2589.33
7694.08
3712.38
9610.66
7925.91
7833.52
6752.18
5345.10
2440.72
5537.99
1763.57
4746.12
1340.26
1978.90
9053.33
1415.42
7155.28
7519.86
8849.82
5923.43
1044.47
6286.62
9102.82
2617.10
6479.29
6419.03
258.37
9889.29
4754.71
4892.35
4481.80
4805.31
2769.68
8324.74
2039.18
2628.13
9122.67
9298.87
1665.31
6697.33
9654.33
243.09
7488.80
6891.63
8796.46
9872.26
5901.63
2188.34
2027.29
9685.53
938.53
1000.24
9210.92
6848.92
7366.76
8549.90
7438.46
6925.27
