100 3669
13 88
24 97
16 93
17 58
36 71
55 84
28 67
29 32
8 9
0 5
5 83
6 48
11 14
58 95
9 90
50 91
29 68
21 64
40 77
33 38
73 74
25 34
39 81
10 54
2 50
22 28
54 97
14 24
74 75
66 71
13 65
32 78
51 91
16 70
35 83
36 48
15 25
55 61
96 99
7 21
47 57
18 30
59 68
5 60
46 98
17 71
36 84
9 67
77 85
28 80
29 45
48 58
21 41
5 96
10 31
2 27
62 78
54 74
73 87
20 81
25 47
39 94
12 77
31 90
51 68
43 64
35 60
14 37
1 67
13 78
16 83
36 61
68 93
47 70
5 73
6 38
9 80
50 81
77 98
69 94
42 77
27 97
11 89
39 71
31 67
10 44
2 40
3 5
62 91
54 87
20 94
12 90
13 55
32 68
23 99
24 64
16 60
17 25
36 38
28 34
1 80
7 11
5 50
6 15
46 88
38 84
17 61
57 97
9 57
49 93
50 58
21 31
7 96
40 44
27 74
6 51
39 48
58 98
50 94
10 21
91 95
42 90
62 68
0 93
39 84
13 32
31 80
32 45
51 58
24 41
84 92
16 37
35 50
87 97
34 91
4 99
5 27
16 73
17 38
57 74
36 51
76 87
28 47
68 83
88 98
26 86
5 63
6 28
38 97
58 75
69 84
42 67
61 80
80 93
8 74
27 87
0 70
19 83
20 48
11 79
12 44
30 92
31 57
39 61
23 53
1 34
13 45
32 58
72 94
24 54
64 90
56 86
35 63
22 93
1 70
46 78
65 91
38 74
57 87
49 83
68 96
15 90
7 86
8 51
26 99
19 60
30 69
31 34
10 11
42 80
2 7
0 83
20 61
60 97
11 92
52 93
13 22
31 70
4 53
23 66
24 31
64 67
43 44
16 27
35 40
1 47
34 81
53 94
45 90
5 17
46 55
37 86
38 51
56 99
17 28
57 64
3 93
49 60
65 68
28 37
76 77
15 67
7 63
26 76
27 41
6 18
18 72
79 88
58 65
30 46
50 61
90 97
42 57
61 70
7 99
8 64
27 77
0 60
19 73
20 38
11 69
12 34
30 82
31 47
4 30
39 51
91 98
83 94
75 90
41 97
1 24
33 93
13 35
25 89
4 66
53 71
72 84
24 44
37 63
16 40
3 70
14 79
26 53
46 68
37 99
38 64
57 77
49 73
15 80
7 76
8 41
26 89
27 54
0 37
11 46
30 59
71 97
63 93
21 96
0 73
60 87
33 70
52 83
44 79
23 56
10 86
16 17
22 60
1 37
34 71
5 7
37 76
56 89
3 83
49 50
22 96
14 92
15 57
7 53
27 31
18 62
30 36
71 74
50 51
63 70
82 83
29 77
8 54
0 50
40 86
19 63
20 28
6 93
11 59
12 24
31 37
39 41
52 60
83 84
41 87
1 14
33 83
52 96
25 79
53 61
72 74
45 57
93 97
64 70
37 53
16 30
2 95
22 73
15 34
26 43
67 81
46 58
18 39
59 77
38 54
78 90
86 94
70 86
49 63
89 99
36 93
15 70
7 66
8 31
48 67
18 75
19 40
11 36
30 49
82 96
29 90
40 99
41 64
60 77
33 60
12 37
25 56
52 73
4 33
44 69
10 76
2 72
22 50
14 46
74 97
66 93
45 70
37 66
3 73
14 82
15 47
55 83
7 43
47 79
26 56
67 94
18 52
59 90
11 13
17 93
9 89
29 67
48 80
40 76
6 83
12 14
10 53
21 99
54 96
33 73
34 38
25 69
44 82
45 47
37 43
3 50
43 86
15 24
7 20
26 33
67 71
18 29
59 67
70 76
17 70
36 83
55 96
28 79
8 21
0 17
40 53
19 30
5 95
6 60
11 26
71 77
21 76
40 89
81 90
60 67
33 50
6 96
52 63
25 46
73 86
39 93
44 59
10 66
2 62
3 27
22 40
85 96
13 77
32 90
37 56
24 86
43 99
16 82
35 95
15 37
55 73
7 33
26 46
67 84
18 42
59 80
5 72
70 89
9 79
77 97
28 92
29 57
69 93
48 70
21 53
10 43
2 39
62 90
54 86
33 63
20 93
32 67
23 98
51 80
2 75
43 76
22 53
35 72
14 49
1 79
7 10
18 19
24 99
16 95
36 73
9 56
29 34
47 82
0 7
40 43
6 50
11 16
58 97
9 92
50 93
29 70
42 89
21 66
62 67
33 40
73 76
25 36
39 83
31 79
10 56
51 57
2 52
3 17
54 99
66 73
85 86
13 67
4 98
51 93
24 76
43 89
16 72
35 85
36 50
55 63
28 46
7 23
47 59
88 97
5 62
6 27
38 96
17 73
9 69
77 87
28 82
29 47
69 83
40 56
80 92
6 63
30 91
2 29
62 80
54 76
73 89
20 83
39 96
12 79
31 92
4 75
32 57
23 88
24 53
51 70
3 30
43 66
35 62
1 69
13 80
24 89
65 90
17 50
57 86
36 63
9 46
76 99
28 59
68 95
47 72
5 75
6 40
58 87
50 83
69 96
42 79
2 6
61 92
8 86
27 99
0 82
19 95
20 60
25 26
11 91
31 69
2 42
3 7
35 39
54 89
14 16
20 96
12 92
53 93
4 88
32 70
24 66
43 79
16 62
17 27
35 75
9 23
28 36
47 49
5 52
6 17
38 86
57 99
58 64
9 59
49 95
50 60
69 73
21 33
61 69
7 98
80 82
27 76
19 72
39 50
31 46
10 23
91 97
42 92
2 19
83 93
62 70
8 99
54 66
0 95
20 73
12 69
31 82
32 47
72 83
23 78
24 43
51 60
16 39
1 59
87 99
34 93
5 29
46 67
37 98
65 80
16 75
17 40
76 89
9 36
49 72
28 49
68 85
15 79
26 88
6 30
38 99
58 77
50 73
69 86
42 69
61 82
8 76
27 89
0 72
19 85
20 50
11 81
12 46
30 94
39 63
4 42
23 55
1 36
13 47
53 83
4 78
45 79
72 96
24 56
64 92
16 52
56 88
9 13
22 95
14 91
5 42
6 7
65 93
38 76
57 89
42 46
15 92
21 23
7 88
8 53
27 66
18 97
19 62
20 27
11 58
39 40
31 36
2 9
75 79
8 89
41 86
60 99
32 37
44 91
23 68
24 33
64 69
10 98
16 29
72 73
35 42
1 49
87 89
53 96
45 92
37 88
38 53
65 70
17 30
57 66
3 95
49 62
76 79
68 75
6 20
18 74
19 39
79 90
30 48
71 86
50 63
90 99
8 66
0 62
19 75
20 40
60 76
39 53
31 49
4 32
23 45
75 92
41 99
33 95
34 60
25 91
53 73
72 86
64 82
37 65
22 85
14 81
15 46
34 96
26 55
46 70
38 66
49 75
15 82
7 78
8 43
27 56
0 39
18 87
19 52
11 48
12 13
30 61
71 99
63 95
21 98
41 76
1 3
60 89
33 72
12 49
13 14
25 68
4 45
44 81
45 46
52 85
10 88
16 19
22 62
1 39
14 58
34 73
45 82
5 9
37 78
38 43
78 79
3 85
9 16
49 52
15 59
7 55
8 20
26 68
18 64
19 29
79 80
30 38
71 76
42 49
82 85
8 56
40 88
41 53
20 30
60 66
11 61
52 62
31 39
4 22
44 58
10 65
75 82
41 89
1 16
34 50
74 86
25 81
53 63
44 94
85 95
93 99
37 55
56 68
2 97
3 62
22 75
14 71
15 36
26 45
18 41
59 79
38 56
78 92
70 88
28 91
7 68
48 69
27 46
40 65
19 42
6 72
11 38
30 51
71 89
29 92
21 88
41 66
60 79
33 62
52 75
25 58
4 35
10 78
14 48
34 63
74 99
66 95
37 68
3 75
36 72
15 49
55 85
7 45
8 10
26 58
47 81
0 6
18 54
59 92
67 96
11 15
17 95
9 91
29 69
48 82
21 65
0 42
40 78
33 39
6 85
12 16
4 12
44 48
10 55
2 51
1 6
54 98
33 75
34 40
74 76
25 71
66 72
32 79
37 45
51 92
3 52
43 88
22 65
35 84
14 61
15 26
55 62
7 22
26 35
67 73
59 69
70 78
9 68
29 46
47 94
8 23
48 59
0 19
5 97
6 62
11 28
21 78
62 79
41 56
81 92
33 52
52 65
25 48
39 95
31 91
10 68
51 69
3 29
74 89
66 85
32 92
24 88
35 97
36 62
15 39
28 58
55 75
7 35
47 71
18 44
17 85
58 86
9 81
77 99
28 94
29 59
48 72
61 91
6 75
10 45
2 41
3 6
62 92
14 15
12 91
4 87
32 69
51 82
24 65
3 42
43 78
35 74
14 51
1 81
7 12
13 92
18 21
16 97
17 62
57 98
36 75
9 58
28 71
29 36
48 49
21 32
0 9
40 45
5 87
58 99
21 68
62 69
54 65
0 94
73 78
20 72
25 38
39 85
10 58
23 77
2 54
84 93
22 32
14 28
74 79
13 69
32 82
24 78
43 91
16 74
35 87
36 52
55 65
1 94
88 99
5 64
38 98
17 75
58 76
9 71
77 89
29 49
69 85
61 81
80 94
6 65
19 84
39 62
30 93
2 31
62 82
54 78
73 91
20 85
39 98
12 81
13 46
32 59
72 95
23 90
24 55
51 72
43 68
16 51
35 64
1 71
13 82
5 41
46 79
65 92
17 52
57 88
36 65
9 48
49 84
28 61
68 97
15 91
21 22
5 77
6 42
18 96
58 89
50 85
10 12
69 98
42 81
61 94
8 88
54 55
0 84
20 62
11 93
12 58
39 75
31 71
32 36
23 67
24 32
3 9
43 45
35 41
14 18
1 48
12 94
13 59
53 95
4 90
32 72
45 91
24 68
17 29
36 42
9 25
76 78
28 38
68 74
47 51
88 89
5 54
6 19
38 88
58 66
77 79
50 62
69 75
42 58
21 35
61 71
80 84
27 78
19 74
20 39
11 70
39 52
30 83
31 48
10 25
91 99
2 21
83 95
75 91
0 97
20 75
31 84
4 67
23 80
24 45
84 96
16 41
35 54
34 95
46 69
65 82
38 65
17 42
57 78
76 91
9 38
49 74
68 87
15 81
7 77
26 90
27 55
6 32
18 86
58 79
42 71
61 84
8 78
27 91
0 74
19 87
60 88
39 65
12 48
31 61
23 57
1 38
13 49
53 85
4 80
5 8
64 94
37 77
16 54
17 19
56 90
3 84
9 15
22 97
26 67
5 44
6 9
46 82
38 78
57 91
49 87
50 52
42 48
15 94
7 90
8 55
27 68
0 51
18 99
20 29
11 60
12 25
30 73
31 38
39 42
83 85
75 81
41 88
1 15
33 84
12 61
13 26
52 97
4 57
32 39
44 93
24 35
53 62
64 71
56 67
72 75
2 96
35 44
1 51
34 85
53 98
45 94
5 21
46 59
65 72
38 55
86 95
57 68
3 97
9 28
49 64
68 77
15 71
7 67
8 32
26 80
27 45
18 76
19 41
79 92
71 88
42 61
82 97
8 68
0 64
60 78
12 38
52 74
31 51
4 34
23 47
83 98
33 97
34 62
25 93
53 75
64 84
56 80
3 74
22 87
15 48
7 44
26 57
67 95
18 53
59 91
7 80
48 81
0 41
18 89
19 54
11 50
12 15
30 63
23 24
41 78
1 5
60 91
33 74
34 39
13 16
25 70
45 48
37 44
10 90
16 21
2 86
3 51
5 11
46 49
37 80
3 87
49 54
89 90
14 96
15 61
55 97
7 57
47 93
27 35
18 66
19 31
79 82
11 27
30 40
90 91
82 87
48 94
21 77
40 90
41 55
20 32
33 51
6 97
52 64
60 68
4 24
44 60
23 37
2 63
1 18
33 87
74 88
25 83
44 96
85 97
37 57
2 99
15 38
55 74
7 34
26 47
67 85
86 98
18 43
59 81
70 90
17 84
36 97
28 93
29 58
8 35
0 31
19 44
6 74
11 40
63 87
29 94
41 68
33 64
52 77
25 60
44 73
10 80
2 76
3 41
22 54
14 50
66 97
13 91
36 74
15 51
7 47
8 12
0 8
18 56
59 94
5 86
11 17
17 97
63 64
29 71
48 84
21 67
40 80
33 41
6 87
52 54
25 37
4 14
2 53
22 31
14 27
34 42
74 78
25 73
66 74
32 81
37 47
51 94
24 77
3 54
43 90
35 86
14 63
15 28
55 64
7 24
47 60
67 75
18 33
70 80
36 87
9 70
77 88
28 83
29 48
47 96
48 61
40 57
6 64
11 30
10 34
21 80
62 81
41 58
54 77
33 54
20 84
25 50
44 63
31 93
51 71
2 66
3 31
43 67
14 40
74 91
66 87
13 81
32 94
24 90
17 51
35 99
36 64
55 77
28 60
47 73
5 76
6 41
17 87
58 88
9 83
50 84
29 61
21 57
40 70
6 77
25 27
39 74
10 47
2 43
3 8
62 94
54 90
20 97
12 93
4 89
32 71
51 84
24 67
3 44
16 63
43 80
36 41
7 14
47 50
13 94
18 23
5 53
46 91
16 99
17 64
36 77
9 60
49 96
28 73
29 38
69 74
48 51
21 34
5 89
92 94
50 97
10 24
81 84
0 96
73 80
20 74
39 87
12 70
31 83
32 48
23 79
3 21
84 95
35 53
1 60
13 71
32 84
24 80
16 76
17 41
36 54
9 37
28 50
1 96
47 63
5 66
6 31
58 78
9 73
50 74
77 91
29 51
42 70
69 87
80 96
8 77
27 90
19 86
11 82
10 37
2 33
20 87
12 83
32 61
51 74
24 57
64 93
43 70
17 18
1 73
6 8
65 94
38 77
17 54
57 90
9 50
68 99
21 24
7 89
27 67
6 44
18 98
30 72
50 87
10 14
42 83
2 10
61 96
8 90
54 57
19 99
20 64
11 95
39 77
13 25
4 56
32 38
23 69
24 34
3 11
43 47
84 85
35 43
1 50
87 90
34 84
13 61
53 97
4 92
45 93
5 20
24 70
65 71
17 31
57 67
3 96
9 27
36 44
68 76
76 80
46 94
38 90
58 68
49 99
69 77
42 60
61 73
80 86
8 67
0 63
20 41
11 72
39 54
30 85
31 50
23 46
2 23
83 97
75 93
54 70
1 27
20 77
12 73
13 38
53 74
4 69
32 51
23 82
24 47
64 83
84 98
16 43
56 79
35 56
22 86
1 63
46 71
65 84
38 67
57 80
76 93
9 40
68 89
15 83
7 79
27 57
18 88
50 77
8 80
60 90
11 85
12 50
13 15
31 63
4 46
39 67
23 59
52 86
1 40
53 87
45 83
5 10
46 48
37 79
64 96
17 21
3 86
9 17
49 53
28 30
14 95
26 69
27 34
46 84
6 11
18 65
38 80
79 81
30 39
49 89
50 54
42 50
15 96
82 86
7 92
8 57
27 70
0 53
19 66
20 31
39 44
12 27
30 75
4 23
23 36
75 83
94 96
41 90
52 99
13 28
25 82
4 59
44 95
53 64
24 37
64 73
72 77
16 33
56 69
2 98
34 87
86 97
37 92
38 57
78 93
57 70
49 66
8 34
27 47
0 30
18 78
19 43
79 94
11 39
30 52
71 90
29 93
21 89
0 66
20 44
60 80
12 40
52 76
4 36
44 72
23 49
10 79
1 30
34 64
64 86
37 69
56 82
3 76
22 89
14 85
15 50
26 59
67 97
18 55
19 20
59 93
17 96
7 82
48 83
0 43
40 79
20 21
6 86
11 52
12 17
52 53
63 99
23 26
41 80
1 7
60 93
33 76
13 18
25 72
44 85
45 50
53 54
10 92
16 23
56 59
2 88
3 53
22 66
15 27
26 36
67 74
5 13
18 32
46 51
86 87
70 79
3 89
89 92
36 86
55 99
7 59
8 24
47 95
27 37
48 60
18 68
19 33
5 98
11 29
79 84
30 42
71 80
82 89
29 83
48 96
40 92
60 70
33 53
6 99
12 30
52 66
4 26
44 62
10 69
2 65
1 20
25 85
66 86
45 63
37 59
3 66
35 98
14 75
55 76
7 36
26 49
67 87
18 45
59 83
78 96
70 92
17 86
9 82
28 95
29 60
0 33
40 69
6 76
10 46
21 92
62 93
41 70
25 62
44 75
10 82
51 83
3 43
22 56
14 52
15 17
7 13
66 99
18 22
59 60
16 98
17 63
36 76
28 72
7 49
8 14
47 85
48 50
0 10
19 23
5 88
11 19
92 93
30 32
17 99
63 66
9 95
21 69
40 82
41 47
81 83
33 43
6 89
52 56
25 39
73 79
4 16
44 52
10 59
2 55
3 20
22 33
74 80
66 76
85 89
13 70
32 83
37 49
51 96
24 79
3 56
43 92
7 26
47 62
26 39
67 77
18 35
59 73
5 65
70 82
17 76
36 89
9 72
77 90
28 85
48 63
0 23
80 95
6 66
10 36
62 83
54 79
33 56
73 92
20 86
25 52
39 99
31 95
32 60
23 91
51 73
2 68
3 33
43 69
22 46
35 65
14 42
32 96
16 88
17 53
36 66
9 49
55 79
28 62
6 43
58 90
9 85
50 86
29 63
69 99
21 59
61 95
19 98
39 76
10 49
3 10
62 96
54 92
14 19
20 99
12 95
4 91
32 73
51 86
24 69
43 82
35 78
36 43
28 39
1 85
7 16
47 52
5 55
17 66
77 80
28 75
29 40
69 76
48 53
61 72
40 49
80 85
27 79
6 56
30 84
50 99
10 26
42 95
62 73
81 86
54 69
0 98
73 82
20 76
25 42
39 89
31 85
32 50
23 81
51 63
3 23
43 59
84 97
35 55
14 32
1 62
13 73
24 82
16 78
17 43
57 79
9 39
28 52
47 65
5 68
6 33
77 93
69 89
42 72
21 49
61 85
27 92
0 75
11 84
39 66
30 97
31 62
10 39
23 58
2 35
54 82
20 89
12 85
13 50
53 86
4 81
32 63
23 94
64 95
43 72
16 55
56 91
35 68
28 29
5 45
6 10
65 96
17 56
50 53
29 30
61 62
7 91
27 69
6 46
50 89
10 16
42 85
83 86
62 63
8 92
54 59
94 95
0 88
20 66
39 79
52 98
13 27
31 75
4 58
72 76
51 53
24 36
43 49
84 87
35 45
95 96
1 52
34 86
53 99
5 22
46 60
65 73
17 33
3 98
9 29
49 65
28 42
68 78
76 82
5 58
6 23
18 77
38 92
46 96
79 93
58 70
50 66
69 79
42 62
82 98
61 75
0 65
19 78
20 43
11 74
12 39
30 87
39 56
23 48
75 95
33 98
12 75
13 40
25 94
4 71
45 72
53 76
24 49
64 85
56 81
22 88
1 65
34 99
5 35
46 73
38 69
57 82
49 78
15 85
7 81
26 94
18 90
19 55
11 51
30 64
23 25
41 79
20 56
60 92
11 87
12 52
13 17
31 65
4 48
44 84
23 61
24 26
10 91
16 22
1 42
34 76
53 89
5 12
46 50
37 81
38 46
56 94
57 59
9 19
49 55
14 97
15 62
7 58
26 71
27 36
6 13
18 67
79 83
30 41
50 56
42 52
82 88
7 94
8 59
48 95
19 68
20 33
6 98
12 29
30 77
31 42
91 93
23 38
75 85
94 98
41 92
1 19
33 88
34 53
13 30
44 97
72 79
64 75
37 58
56 71
3 65
34 89
26 48
5 25
46 63
37 94
38 59
78 95
57 72
70 91
86 99
49 68
36 98
7 71
26 84
27 49
0 32
19 45
79 96
11 41
63 88
29 95
21 91
0 68
41 69
60 82
52 78
4 38
44 74
2 77
22 55
1 32
34 66
25 97
66 98
45 75
37 71
3 78
14 87
15 52
55 88
7 48
8 13
26 61
67 99
59 95
19 22
11 18
30 31
17 98
63 65
9 94
29 72
8 49
48 85
0 45
40 81
20 23
12 19
52 55
31 32
4 15
23 28
41 82
33 78
52 91
25 74
53 56
44 87
45 52
85 88
64 65
37 48
56 61
2 90
3 55
14 64
7 25
26 38
67 76
86 89
59 72
38 49
78 85
28 84
7 61
8 26
47 97
27 39
0 22
48 62
19 35
30 44
71 82
63 78
29 85
48 98
21 81
40 94
60 72
33 55
4 28
44 64
10 71
22 45
14 41
34 56
74 92
25 87
66 88
37 61
24 91
3 68
15 42
55 78
7 38
47 74
26 51
67 89
18 47
78 98
70 94
17 88
9 84
28 97
29 62
48 75
21 58
40 71
4 5
2 44
21 94
62 95
54 91
33 68
20 98
25 64
37 38
51 85
2 80
3 45
43 81
22 58
14 54
15 19
7 15
26 28
18 24
59 62
70 71
17 65
36 78
29 39
47 87
8 16
48 52
0 12
40 48
19 25
5 90
92 95
63 68
50 98
29 75
21 71
62 72
33 45
6 91
52 58
25 41
73 81
44 54
10 61
3 22
22 35
14 31
74 82
85 91
13 72
32 85
51 98
24 81
16 77
15 32
28 51
1 97
47 64
18 37
59 75
5 67
17 78
9 74
77 92
28 87
29 52
69 88
48 65
21 48
80 97
6 68
2 34
62 85
73 94
25 54
23 93
24 58
51 75
3 35
43 71
35 67
14 44
1 74
13 85
65 95
17 55
36 68
9 51
47 77
21 25
5 80
6 45
50 88
10 15
42 84
61 97
54 58
20 65
25 31
11 96
10 51
23 70
51 52
2 47
3 12
43 48
22 25
84 86
54 94
14 21
12 97
4 93
32 75
16 67
17 32
36 45
76 81
1 87
88 92
5 57
6 22
46 95
38 91
17 68
58 69
77 82
29 42
80 87
6 58
19 77
39 55
30 86
42 97
62 75
54 71
73 84
20 78
39 91
13 39
31 87
32 52
72 88
51 65
24 48
3 25
43 61
84 99
35 57
34 98
13 75
5 34
65 85
16 80
17 45
76 94
9 41
49 77
68 90
15 84
26 93
5 70
6 35
58 82
42 74
61 87
0 77
20 55
11 86
12 51
39 68
31 64
23 60
2 37
1 41
13 52
53 88
4 83
45 84
24 61
16 57
17 22
35 70
9 18
1 77
46 85
6 12
65 98
38 81
57 94
58 59
9 54
49 90
50 55
42 51
15 97
21 28
61 64
7 93
8 58
27 71
19 67
11 63
39 45
10 18
91 92
42 87
2 14
62 65
54 61
94 97
0 90
11 99
12 64
13 29
32 42
23 73
51 55
84 89
16 34
95 98
1 54
87 94
34 88
5 24
65 75
38 58
57 71
76 84
28 44
68 80
15 74
7 70
6 25
18 79
38 94
79 95
58 72
30 53
71 91
50 68
42 64
8 71
0 67
19 80
20 45
60 81
11 76
12 41
30 89
31 54
4 37
23 50
75 97
1 31
34 65
13 42
53 78
4 73
45 74
72 91
24 51
37 70
64 87
16 47
3 77
22 90
14 86
26 60
46 75
38 71
57 84
49 80
15 87
8 48
27 61
19 57
20 22
12 18
30 66
23 27
2 4
41 81
1 8
20 58
33 77
60 94
12 54
52 90
53 55
44 86
23 63
10 93
16 24
56 60
2 89
35 37
22 67
1 44
34 78
53 91
45 87
38 48
56 96
3 90
9 21
49 57
68 70
89 93
14 99
15 64
7 60
8 25
26 73
27 38
18 69
79 85
30 43
71 81
63 77
42 54
82 90
29 84
8 61
48 97
40 93
60 71
11 66
52 67
31 44
4 27
23 40
83 91
75 87
41 94
1 21
34 55
25 86
53 68
44 99
45 64
72 81
64 77
56 73
15 41
26 50
67 88
18 46
59 84
78 97
70 93
49 70
15 77
28 96
7 73
48 74
27 51
0 34
79 98
11 43
30 56
21 93
60 84
33 67
52 80
25 63
4 40
44 76
10 83
14 53
34 68
25 99
26 27
37 73
3 80
14 89
15 54
55 90
47 86
8 15
26 63
27 28
0 11
18 59
59 97
11 20
30 33
63 67
29 74
48 87
21 70
0 47
41 48
20 25
60 61
6 90
12 21
52 57
44 53
23 30
10 60
75 77
22 34
1 11
33 80
93 94
85 90
37 50
10 96
2 92
3 57
43 93
22 70
67 78
86 91
18 36
59 74
78 87
89 96
36 90
47 99
48 64
40 60
19 37
6 67
71 84
63 80
29 87
21 83
40 96
41 61
73 93
10 73
3 34
14 43
32 97
16 89
36 67
55 80
7 40
47 76
0 1
59 87
5 79
70 96
9 86
28 99
29 64
48 77
21 60
40 73
33 34
6 80
4 7
10 50
2 46
22 24
54 93
14 20
66 67
32 74
51 87
2 82
3 47
55 57
1 86
67 68
59 64
70 73
17 67
36 80
9 63
55 93
28 76
29 41
47 89
48 54
0 14
40 50
5 92
6 57
11 23
9 99
10 27
42 96
62 74
81 87
73 83
25 43
39 90
44 56
31 86
10 63
51 64
2 59
3 24
14 33
74 84
66 80
32 87
24 83
43 96
17 44
35 92
55 70
28 53
1 99
47 66
5 69
6 34
58 81
9 76
77 94
29 54
69 90
21 50
61 86
40 63
80 99
27 93
6 70
2 36
62 87
73 96
20 90
12 86
13 51
31 99
4 82
32 64
23 95
24 60
51 77
3 37
16 56
35 69
1 76
13 87
5 46
65 97
16 92
57 93
36 70
9 53
28 66
5 82
6 47
50 90
10 17
42 86
61 99
8 93
54 60
0 89
33 37
20 67
39 80
12 63
32 41
51 54
2 49
43 50
22 27
35 46
14 23
95 97
66 70
12 99
4 95
24 73
16 69
17 34
35 82
36 47
9 30
55 60
28 43
1 89
76 83
88 94
96 98
46 97
6 24
38 93
9 66
50 67
77 84
42 63
61 76
80 89
8 70
19 79
39 57
30 88
31 53
10 30
42 99
62 77
54 73
20 80
12 76
31 89
4 72
32 54
23 85
24 50
51 67
43 63
16 46
1 66
5 36
65 87
17 47
57 83
76 96
9 43
68 92
15 86
6 37
18 91
58 84
30 65
50 80
42 76
8 83
27 96
0 79
19 92
20 57
11 88
12 53
39 70
4 49
24 27
3 4
1 43
34 77
4 85
45 86
24 63
37 82
16 59
56 95
57 60
36 37
9 20
28 33
68 69
14 98
26 72
5 49
6 14
46 87
38 83
57 96
58 61
49 92
90 93
69 70
42 53
21 30
61 66
8 60
27 73
0 56
19 69
20 34
11 65
39 47
30 78
2 16
83 90
75 86
54 63
41 93
20 70
12 66
13 31
53 67
4 62
44 98
23 75
24 40
64 76
43 53
16 36
72 80
35 49
84 91
22 79
1 56
87 96
34 90
5 26
65 77
57 73
76 86
9 33
49 69
68 82
15 76
26 85
27 50
19 46
30 55
71 93
50 70
8 73
0 69
20 47
60 83
11 78
12 43
39 60
23 52
75 99
34 67
13 44
72 93
45 76
64 89
37 72
16 49
56 85
3 79
9 10
15 53
26 62
5 39
46 77
59 96
38 73
49 82
42 43
8 50
48 86
27 63
18 94
20 24
11 55
23 29
75 76
41 83
1 10
33 79
12 56
52 92
53 57
4 52
44 88
45 53
24 30
64 66
16 26
56 62
2 91
22 69
1 46
34 80
45 89
5 16
46 54
37 85
38 50
65 67
57 63
86 90
3 92
49 59
97 99
68 72
7 62
26 75
27 40
18 71
19 36
79 87
11 32
30 45
71 83
42 56
82 92
29 86
8 63
21 82
48 99
0 59
40 95
41 60
20 37
11 68
12 33
52 69
44 65
75 89
1 23
33 92
34 57
25 88
53 70
45 66
37 62
56 75
3 69
14 78
7 39
26 52
67 90
18 48
59 86
17 89
28 98
7 75
8 40
48 76
27 53
0 36
40 72
19 49
6 79
11 45
30 58
71 96
4 6
41 73
60 86
33 69
44 78
10 85
3 46
22 59
14 55
34 70
26 29
13 96
37 75
38 40
70 72
36 79
15 56
55 92
47 88
8 17
27 30
0 13
18 61
59 99
5 91
11 22
30 35
71 73
9 98
29 76
48 89
40 85
60 63
6 92
12 23
52 59
44 55
10 62
2 58
22 36
1 13
25 78
66 79
93 96
45 56
85 92
32 86
37 52
51 99
56 65
2 94
43 95
22 72
35 91
14 68
1 98
26 42
67 80
86 93
59 76
78 89
70 85
17 79
36 92
9 75
28 88
29 53
8 30
0 26
40 62
11 35
63 82
29 89
21 85
62 86
41 63
81 99
33 59
73 95
52 72
25 55
44 68
31 98
3 36
22 49
14 45
13 86
32 99
24 95
16 91
7 42
0 3
59 89
11 12
17 92
58 93
9 88
29 66
21 62
61 98
33 36
25 32
4 9
10 52
2 48
3 13
62 99
22 26
54 95
34 37
66 69
4 94
37 42
51 89
24 72
43 85
35 81
36 46
15 23
55 59
1 88
96 97
67 70
13 99
17 69
9 65
77 83
28 78
29 43
47 91
48 56
0 16
40 52
80 88
6 59
92 99
2 25
62 76
81 89
54 72
73 85
20 79
39 92
31 88
32 53
23 84
2 61
3 26
43 62
22 39
14 35
66 82
13 76
32 89
24 85
16 81
35 94
9 42
28 55
47 68
6 36
58 83
9 78
69 92
61 88
27 95
19 91
39 69
10 42
2 38
62 89
54 85
73 98
12 88
13 53
4 84
23 97
51 79
43 75
16 58
35 71
28 32
7 9
13 89
65 99
16 94
17 59
57 95
9 55
49 91
28 68
29 33
15 98
21 29
40 42
5 84
58 96
50 92
10 19
42 88
2 15
62 66
8 95
54 62
0 91
20 69
25 35
12 65
31 78
23 74
24 39
51 56
43 52
14 25
95 99
87 95
13 66
4 97
24 75
65 76
36 49
9 32
76 85
28 45
1 91
47 58
68 81
5 61
46 99
38 95
58 73
77 86
50 69
42 65
21 42
61 78
8 72
19 81
20 46
11 77
39 59
30 90
31 55
10 32
2 28
75 98
20 82
12 78
13 43
4 74
32 56
23 87
24 52
64 88
72 92
16 48
1 68
5 38
46 76
65 89
17 49
57 85
9 45
68 94
15 88
7 84
26 97
27 62
18 93
19 58
30 67
42 78
2 5
8 85
27 98
0 81
19 94
20 59
60 95
11 90
12 55
13 20
39 72
4 51
32 33
24 29
16 25
35 38
1 45
34 79
13 56
53 92
5 15
46 53
65 66
16 61
56 97
57 62
3 91
9 22
49 58
28 35
26 74
5 51
6 16
46 89
38 85
79 86
58 63
49 94
50 59
90 95
69 72
42 55
61 68
8 62
0 58
19 71
20 36
11 67
30 80
31 45
91 96
23 41
2 18
75 88
41 95
1 22
33 91
12 68
13 33
53 69
72 82
45 65
24 42
64 78
16 38
56 74
35 51
22 81
1 58
34 92
5 28
46 66
37 97
65 79
57 75
9 35
49 71
68 84
15 78
7 74
8 39
26 87
19 48
79 99
11 44
63 91
42 68
29 98
8 75
41 72
60 85
11 80
12 45
31 58
4 41
44 77
23 54
1 35
34 69
53 82
45 78
64 91
37 74
38 39
3 81
9 12
22 94
14 90
7 51
26 64
27 29
59 98
38 75
30 34
42 45
7 87
8 52
48 88
27 65
0 48
40 84
19 61
60 62
12 22
30 70
4 18
41 85
1 12
60 98
33 81
34 46
52 94
13 23
53 59
4 54
44 90
45 55
64 68
37 51
10 97
16 28
2 93
22 71
14 67
34 82
5 18
86 92
38 52
78 88
57 65
70 84
3 94
49 61
89 97
36 91
15 68
7 64
8 29
26 77
0 25
19 38
79 89
11 34
30 47
90 98
82 94
21 84
0 61
41 62
60 75
33 58
52 71
4 31
23 44
10 74
2 70
22 48
33 94
34 59
74 95
53 72
45 68
32 98
37 64
3 71
22 84
15 45
55 81
7 41
26 54
18 50
70 97
17 91
9 87
29 65
8 42
48 78
0 38
40 74
6 81
4 8
63 94
21 97
1 2
33 71
52 84
25 67
44 80
10 87
51 88
2 83
3 48
22 61
14 57
15 22
7 18
26 31
13 98
18 27
59 65
70 74
36 81
15 58
7 54
47 90
48 55
27 32
0 15
18 63
5 93
11 24
30 37
82 84
29 78
48 91
21 74
40 87
81 88
33 48
6 94
52 61
25 44
4 21
44 57
2 60
22 38
14 34
34 49
74 85
45 58
85 94
32 88
37 54
24 84
3 61
35 93
14 70
15 35
55 71
7 31
47 67
26 44
67 82
18 40
59 78
78 91
9 77
77 95
28 90
48 68
21 51
0 28
10 41
21 87
62 88
41 65
54 84
33 61
20 91
25 57
10 77
23 96
43 74
22 51
14 47
74 98
7 8
66 94
5288.75
3429.48
2943.11
3013.10
7381.49
1736.34
4260.70
8812.66
8449.69
1046.80
3547.05
8039.88
2816.06
1965.79
6979.97
15.19
5912.86
1023.52
6533.77
1074.30
3283.64
1924.09
5921.40
5411.34
3579.28
8956.50
6984.46
9062.83
3404.92
5682.34
6226.83
706.45
4204.29
4087.31
8908.59
8019.52
7594.66
4031.16
3798.63
4767.66
634.32
3682.27
9162.47
964.63
2779.98
7856.86
7080.25
7773.70
5694.68
6930.88
3629.71
1658.56
6834.04
715.06
632.21
3059.00
7135.12
6694.88
9812.91
4400.68
7952.45
5151.49
2251.01
290.74
1691.26
9810.42
2878.54
432.89
8731.05
2726.38
5990.18
9070.37
5785.82
78.95
443.49
867.97
6666.14
1297.80
4732.90
4481.36
9824.54
8245.38
4179.14
7499.97
9301.02
6440.17
7225.24
7829.86
2925.16
6179.35
2575.10
4823.32
1601.66
8816.21
4548.52
877.02
9884.85
3656.48
8825.45
9094.07
