100 2421
13 88
24 97
16 93
17 58
55 84
47 80
11 14
9 90
50 91
29 68
21 64
40 77
6 84
10 54
2 50
22 28
54 97
51 91
24 74
43 87
16 70
35 83
36 48
15 25
55 61
1 90
47 57
96 99
46 98
70 77
17 71
36 84
28 80
48 58
40 54
80 90
5 96
10 31
62 78
73 87
20 81
12 77
31 90
32 55
23 86
51 68
3 28
14 37
1 67
66 84
65 88
17 48
28 57
47 70
58 85
69 94
42 77
27 97
19 93
39 71
31 67
3 5
62 91
20 94
12 90
13 55
23 99
17 25
28 34
5 50
38 84
17 61
61 67
7 96
40 44
30 79
50 94
10 21
62 68
8 97
0 93
12 67
13 32
31 80
4 63
32 45
51 58
24 41
3 18
16 37
43 54
35 50
84 92
13 68
4 99
65 78
16 73
17 38
57 74
36 51
26 86
6 28
58 75
50 71
42 67
27 87
19 83
11 79
12 44
30 92
39 61
23 53
1 34
13 45
4 76
72 94
64 90
35 63
9 11
1 70
65 91
57 87
68 96
27 64
18 95
19 60
11 56
10 11
42 80
2 7
0 83
20 61
11 92
52 93
4 53
24 31
16 27
34 81
53 94
45 90
46 55
37 86
56 99
68 73
7 63
27 41
18 72
38 87
79 88
50 61
90 97
42 57
82 93
61 70
27 77
0 60
19 73
39 51
23 43
75 90
41 97
33 93
45 67
24 44
37 63
64 80
16 40
56 76
3 70
22 83
14 79
34 94
26 53
46 68
38 64
49 73
15 80
7 76
18 85
19 50
0 73
60 87
10 86
34 71
45 80
56 89
49 50
26 66
18 62
19 27
71 74
50 51
42 47
82 83
8 54
0 50
40 86
20 28
11 59
12 24
39 41
31 37
4 20
34 48
52 96
25 79
64 70
37 53
2 95
14 69
15 34
67 81
86 94
18 39
59 77
78 90
70 86
49 63
89 99
36 93
8 31
48 67
0 27
18 75
19 40
79 91
71 87
82 96
21 86
40 99
41 64
12 37
4 33
44 69
10 76
22 50
14 46
25 92
3 73
15 47
7 43
47 79
67 94
0 4
18 52
59 90
29 67
8 44
21 63
0 40
40 76
6 83
4 10
44 46
10 53
1 4
33 73
34 38
25 69
44 82
45 47
37 43
2 85
43 86
22 63
14 59
7 20
18 29
70 76
17 70
36 83
28 79
7 56
8 21
47 92
48 57
0 17
19 30
5 95
6 60
71 77
63 73
21 76
60 67
44 59
2 62
3 27
34 51
85 96
13 77
32 90
37 56
3 63
16 82
43 99
36 60
47 69
26 46
9 79
77 97
21 53
40 66
6 73
25 59
32 67
23 98
51 80
2 75
3 40
43 76
22 53
1 79
7 10
16 95
17 60
9 56
29 34
0 7
6 50
9 92
29 70
42 89
62 67
33 40
73 76
39 83
44 49
2 52
22 30
54 99
66 73
24 76
43 89
35 85
36 50
28 46
7 23
88 97
59 70
5 62
6 27
58 74
9 69
77 87
29 47
21 43
80 92
30 91
10 33
62 80
81 93
73 89
20 83
39 96
32 57
3 30
43 66
35 62
1 69
13 80
17 50
57 86
76 99
9 46
28 59
58 87
50 83
69 96
42 79
2 6
61 92
0 82
19 95
20 60
31 69
2 42
3 7
35 39
20 96
13 57
53 93
32 70
16 62
56 98
35 75
9 23
47 49
6 17
38 86
58 64
49 95
50 60
29 37
69 73
61 69
7 98
27 76
19 72
39 50
2 19
83 93
62 70
8 99
0 95
20 73
12 69
13 34
31 82
4 65
72 83
51 60
43 56
16 39
84 94
35 52
87 99
34 93
46 67
37 98
17 40
9 36
15 79
26 88
18 84
58 77
42 69
8 76
20 50
31 59
1 36
13 47
53 83
72 96
24 56
16 52
22 95
14 91
46 80
65 93
57 89
15 92
8 53
27 66
0 49
20 27
2 9
75 79
20 63
60 99
11 94
52 95
13 24
32 37
44 91
24 33
16 29
35 42
87 89
45 92
46 57
37 88
38 53
65 70
17 30
57 66
3 95
9 26
76 79
68 75
27 43
19 39
79 90
30 48
71 86
50 63
82 95
19 75
20 40
11 71
31 49
23 45
75 92
13 37
25 91
37 65
16 42
56 78
3 72
14 81
67 93
5 32
18 51
70 98
49 75
26 91
27 56
0 39
11 48
12 13
71 99
41 76
60 89
33 72
12 49
25 68
4 45
44 81
45 46
16 19
22 62
1 39
14 58
34 73
45 82
5 9
3 85
22 98
8 20
26 68
27 33
19 29
30 38
71 76
82 85
0 52
60 66
4 22
23 35
10 65
33 85
25 81
53 63
93 99
45 59
64 72
37 55
14 71
67 83
86 96
70 88
28 91
8 33
48 69
0 29
11 38
29 92
21 88
60 79
33 62
52 75
25 58
44 71
66 95
37 68
8 10
18 54
59 92
29 69
21 65
4 12
10 55
2 51
1 6
34 40
74 76
66 72
32 79
37 45
56 58
15 26
55 62
18 31
89 91
55 98
29 46
47 94
8 23
5 97
6 62
11 28
63 75
29 82
21 78
62 79
41 56
33 52
25 48
31 91
10 68
51 69
22 42
14 38
13 79
32 92
24 88
35 97
36 62
15 39
28 58
55 75
47 71
5 74
29 59
48 72
6 75
2 41
3 6
62 92
14 15
32 69
51 82
35 74
47 48
18 21
17 62
57 98
36 75
9 58
28 71
29 36
47 84
48 49
21 32
0 9
80 81
10 22
62 69
81 82
0 94
33 42
73 78
44 51
31 81
3 19
84 93
13 69
32 82
24 78
16 74
35 87
1 94
88 99
5 64
58 76
9 71
29 49
21 45
40 58
39 62
2 31
62 82
73 91
20 85
12 81
13 46
31 94
4 77
32 59
23 90
24 55
51 72
43 68
16 51
5 41
57 88
36 65
68 97
15 91
21 22
58 89
50 85
10 12
69 98
61 94
8 88
39 75
12 58
24 32
1 48
12 94
4 90
16 64
35 77
76 78
9 25
1 84
88 89
5 54
6 19
9 61
50 62
77 79
61 71
8 65
19 74
20 39
39 52
30 83
31 48
10 25
91 99
42 94
20 75
13 36
4 67
32 49
23 80
72 85
84 96
76 91
68 87
15 81
26 90
6 32
58 79
30 60
71 98
50 75
27 91
20 52
11 83
12 48
39 65
4 44
1 38
13 49
53 85
72 98
45 81
5 8
64 94
9 15
22 97
49 51
14 93
5 44
46 82
38 78
57 91
42 48
7 90
0 51
18 99
19 64
11 60
39 42
30 73
31 38
2 11
0 87
1 15
33 84
12 61
13 26
53 62
32 39
72 75
24 35
64 71
16 31
22 74
1 51
87 91
45 94
5 21
86 95
37 90
38 55
65 72
49 64
15 71
26 80
27 45
18 76
79 92
71 88
82 97
29 91
0 64
20 42
60 78
31 51
1 28
33 97
53 75
45 71
64 84
37 67
22 87
14 83
7 44
26 57
18 53
59 91
48 81
18 89
19 54
23 24
41 78
33 74
52 87
45 48
16 21
3 51
67 72
46 49
38 45
78 81
49 54
15 61
55 97
47 93
8 22
26 70
19 31
11 27
90 91
29 81
48 94
41 55
33 51
12 28
52 64
44 60
23 37
10 67
2 63
34 52
25 83
53 65
44 96
45 61
37 57
3 64
22 77
14 73
55 74
7 34
26 47
67 85
18 43
78 94
70 90
17 84
36 97
29 58
0 31
40 67
19 44
63 87
21 90
52 77
10 80
3 41
22 54
14 50
66 97
13 91
18 20
16 96
15 51
55 87
7 47
47 83
0 8
5 86
17 97
63 64
9 93
40 80
33 41
52 54
2 53
22 31
14 27
34 42
74 78
66 74
37 47
43 90
35 86
15 28
47 60
26 37
67 75
70 80
17 74
36 87
9 70
77 88
47 96
40 57
6 64
11 30
21 80
73 90
25 50
10 70
51 71
43 67
14 40
66 87
32 94
24 90
17 51
35 99
36 64
55 77
28 60
7 37
17 87
58 88
9 83
29 61
69 97
61 93
2 43
3 8
62 94
4 89
3 44
15 18
7 14
13 94
59 61
17 64
9 60
28 73
29 38
69 74
40 47
92 94
50 97
10 24
42 93
54 67
20 74
39 87
12 70
32 48
23 79
43 57
84 95
35 53
14 30
1 60
66 77
13 71
16 76
35 89
55 67
28 50
1 96
47 63
68 86
5 66
58 78
61 83
19 86
30 95
2 33
62 84
4 79
72 97
51 74
24 57
64 93
16 53
17 18
46 81
6 8
38 77
17 54
49 86
28 63
68 99
15 93
21 24
7 89
18 98
58 91
30 72
50 87
10 14
2 10
8 90
19 99
20 64
39 77
12 60
4 56
23 69
35 43
87 90
13 61
4 92
5 20
24 70
37 89
17 31
36 44
76 80
68 76
26 79
5 56
58 68
49 99
77 81
69 77
80 86
8 67
19 76
20 41
11 72
30 85
23 46
75 93
1 27
33 96
53 74
32 51
23 82
64 83
84 98
56 79
35 56
22 86
1 63
46 71
57 80
76 93
9 40
49 76
68 89
15 83
26 92
27 57
19 53
50 77
8 80
0 76
19 89
20 54
60 90
39 67
13 15
23 59
5 10
64 96
37 79
56 92
3 86
49 53
22 99
27 34
38 80
79 81
49 89
82 86
15 96
61 63
48 93
0 53
19 66
11 62
12 27
30 75
94 96
41 90
1 17
33 86
25 82
53 64
44 95
45 60
72 77
24 37
2 98
22 76
14 72
34 87
46 61
86 97
78 93
49 66
68 79
15 73
8 34
26 82
0 30
79 94
30 52
71 90
63 86
41 67
20 44
60 80
12 40
4 36
44 72
23 49
1 30
33 99
25 95
64 86
37 69
56 82
3 76
15 50
7 46
17 96
7 82
48 83
0 43
19 56
11 52
23 26
41 80
1 7
60 93
52 89
13 18
10 92
56 59
2 88
3 53
15 27
5 13
86 87
38 47
49 56
89 92
55 99
8 24
48 60
27 37
0 20
18 68
79 84
63 76
82 89
29 83
48 96
21 79
41 57
60 70
6 99
52 66
4 26
44 62
1 20
33 89
34 54
74 90
66 86
45 63
85 99
32 93
3 66
15 40
26 49
67 87
18 45
70 92
17 86
36 99
28 95
8 37
21 56
48 73
40 69
6 76
11 42
62 93
41 70
33 66
25 62
51 83
22 56
7 13
66 99
13 93
55 89
28 72
47 85
8 14
0 10
40 46
11 19
92 93
30 32
63 66
41 47
52 56
44 52
14 29
34 44
74 80
85 89
32 83
37 49
24 79
35 88
55 66
67 77
18 35
5 65
70 82
17 76
9 72
77 90
29 50
80 95
81 96
33 56
73 92
20 86
32 60
23 91
51 73
2 68
35 65
32 96
17 53
55 79
47 75
5 78
58 90
9 85
29 63
69 99
31 72
3 10
22 23
54 92
14 19
12 95
4 91
32 73
51 86
16 65
1 85
88 90
5 55
38 89
17 66
9 62
49 98
69 76
48 53
61 72
40 49
27 79
6 56
92 96
50 99
25 42
31 85
32 50
24 46
84 97
35 55
1 62
13 73
24 82
65 83
9 39
28 52
77 93
69 89
42 72
8 79
19 88
20 53
39 66
30 97
31 62
10 39
72 99
23 94
64 95
35 68
65 96
50 53
6 46
42 85
62 63
8 92
54 59
0 88
39 79
12 62
13 27
4 58
32 40
72 76
24 36
35 45
1 52
87 92
34 86
13 63
45 95
37 91
65 73
3 98
49 65
68 78
15 72
26 81
5 58
38 92
79 93
58 70
69 79
42 62
82 98
61 75
8 69
27 82
0 65
20 43
31 52
1 29
25 94
53 76
45 72
24 49
64 85
56 81
35 58
14 84
46 73
65 86
15 85
7 81
26 94
19 55
11 51
23 25
8 82
41 79
60 92
11 87
12 52
13 17
52 88
44 84
23 61
24 26
10 91
1 42
53 89
45 85
5 12
46 50
56 94
17 23
57 59
9 19
49 55
15 62
7 58
26 71
6 13
18 67
79 83
90 92
42 52
7 94
8 59
19 68
60 69
11 64
4 25
91 93
23 38
83 89
75 85
94 98
41 92
1 19
13 30
25 84
44 97
72 79
64 75
37 58
56 71
34 89
26 48
67 86
5 25
46 63
37 94
38 59
78 95
70 91
36 98
15 75
26 84
18 80
19 45
11 41
71 92
29 95
0 68
41 69
60 82
33 65
52 78
10 81
2 77
22 55
1 32
53 79
66 98
45 75
15 52
8 13
26 61
59 95
11 18
30 31
17 98
0 45
40 81
20 23
11 54
52 55
31 32
4 15
23 28
41 82
33 78
25 74
53 56
45 52
85 88
64 65
37 48
51 95
56 61
15 29
7 25
67 76
18 34
59 72
78 85
97 98
89 94
28 84
7 61
48 62
0 22
19 35
30 44
71 82
21 81
60 72
25 51
4 28
44 64
3 32
14 41
34 56
66 88
37 61
15 42
7 38
26 51
70 94
29 62
48 75
0 35
4 5
10 48
2 44
21 94
37 38
10 84
51 85
2 80
22 58
7 15
26 28
13 95
18 24
59 62
36 78
55 91
28 74
47 87
8 16
19 25
92 95
63 68
9 97
29 75
33 45
73 81
44 54
51 62
2 57
14 31
85 91
13 72
51 98
24 81
43 94
35 90
1 97
59 75
9 74
28 87
29 52
21 48
40 61
80 97
6 68
2 34
62 85
54 81
73 94
12 84
51 75
24 58
14 44
65 95
9 51
47 77
5 80
6 45
10 15
61 97
8 91
20 65
25 31
11 96
10 51
51 52
22 25
14 21
13 62
32 75
35 80
28 41
1 87
88 92
5 57
6 22
9 64
29 42
69 78
61 74
80 87
27 81
6 58
39 55
30 86
10 28
42 97
73 84
12 74
31 87
32 52
23 83
84 99
16 44
13 75
5 34
76 94
9 41
28 54
68 90
6 35
58 82
50 78
69 91
0 77
19 90
20 55
39 68
31 64
23 60
2 37
1 41
12 87
13 52
4 83
32 65
24 61
35 70
28 31
1 77
5 47
6 12
38 81
57 94
58 59
9 54
7 93
39 45
30 76
31 41
10 18
91 92
42 87
2 14
62 65
54 61
41 91
20 68
31 77
32 42
23 73
24 38
51 55
43 51
64 74
35 47
1 54
34 88
46 62
38 58
57 71
9 31
49 67
28 44
15 74
26 83
79 95
50 68
61 77
8 71
27 84
0 67
19 80
60 81
11 76
31 54
4 37
75 97
34 65
13 42
45 74
64 87
37 70
56 83
3 77
14 86
67 98
46 75
57 84
27 61
19 57
20 22
11 53
12 18
2 4
0 80
1 8
33 77
13 19
44 86
16 24
56 60
2 89
35 37
34 78
53 91
45 87
5 14
46 52
37 83
3 90
49 57
89 93
14 99
15 64
7 60
8 25
27 38
18 69
19 34
30 43
90 94
63 77
82 90
29 84
48 97
0 57
60 71
11 66
12 31
52 67
31 44
4 27
23 40
41 94
1 21
33 90
44 99
37 60
56 73
3 67
15 41
26 50
67 88
78 97
49 70
15 77
28 96
48 74
18 82
79 98
30 56
71 94
63 90
21 93
60 84
4 40
44 76
10 83
2 79
22 57
34 68
26 27
45 77
15 54
26 63
0 11
59 97
11 20
30 33
29 74
40 83
20 25
60 61
6 90
12 21
4 17
44 53
10 60
22 34
41 84
1 11
74 81
53 58
44 89
85 90
37 50
10 96
56 63
3 57
43 93
14 66
15 31
7 27
86 91
18 36
78 87
70 83
89 96
17 77
36 90
47 99
19 37
11 33
71 84
63 80
29 87
21 83
33 57
52 70
25 53
44 66
10 73
2 69
22 47
14 43
13 84
32 97
16 89
7 40
67 91
0 1
5 79
70 96
17 90
28 99
29 64
48 77
33 34
6 80
4 7
2 46
62 97
14 20
66 67
12 96
32 74
51 87
35 79
55 57
47 53
26 30
67 68
13 97
18 26
70 73
17 67
55 93
29 41
8 18
21 37
0 14
40 50
6 57
10 27
62 74
33 47
25 43
39 90
10 63
51 64
3 24
14 33
17 44
35 92
36 57
55 70
28 53
1 99
47 66
5 69
6 34
17 80
9 76
77 94
28 89
21 50
80 99
27 93
10 40
2 36
54 83
12 86
13 51
4 82
32 64
24 60
3 37
16 56
43 73
35 69
1 76
5 46
57 93
36 70
9 53
28 66
5 82
6 47
58 94
50 90
10 17
42 86
2 13
54 60
33 37
20 67
25 33
11 98
39 80
23 72
2 49
43 50
84 88
22 27
35 46
87 93
12 99
13 64
4 95
32 77
16 69
35 82
36 47
96 98
28 43
1 89
5 59
46 97
38 93
58 71
9 66
29 44
69 80
21 40
61 76
8 70
39 57
30 88
42 99
2 26
62 77
4 72
32 54
24 50
43 63
5 36
46 74
65 87
17 47
57 83
76 96
28 56
68 92
15 86
26 95
18 91
58 84
30 65
50 80
27 96
0 79
11 88
12 53
39 70
31 66
4 49
1 43
34 77
53 90
45 86
37 82
16 59
56 95
28 33
26 72
46 87
90 93
69 70
61 66
7 95
8 60
20 34
11 65
39 47
30 78
91 94
83 90
75 86
94 99
41 93
20 70
12 66
4 62
32 44
23 75
24 40
56 72
35 49
34 90
5 26
38 60
17 37
57 73
9 33
49 69
68 82
7 72
27 50
30 55
71 93
50 70
42 66
8 73
0 69
19 82
60 83
4 39
23 52
1 33
34 67
13 44
25 98
72 93
37 72
15 53
46 77
59 96
8 50
48 86
27 63
0 46
18 94
20 24
11 55
31 33
23 29
75 76
41 83
12 56
53 57
44 88
64 66
2 91
1 46
37 85
78 86
3 92
68 72
8 27
26 75
19 36
63 79
42 56
82 92
0 59
40 95
41 60
12 33
52 69
23 42
10 72
75 89
1 23
33 92
25 88
3 69
14 78
15 43
7 39
78 99
70 95
17 89
7 75
8 40
48 76
27 53
6 79
30 58
63 92
21 95
60 86
33 69
44 78
2 81
3 46
22 59
34 70
26 29
13 96
37 75
55 92
7 52
47 88
26 65
27 30
19 26
5 91
11 22
30 35
71 73
40 85
33 46
12 23
10 62
22 36
1 13
34 47
74 83
66 79
85 92
2 94
43 95
35 91
14 68
15 33
59 76
70 85
28 88
8 30
11 35
62 86
41 63
33 59
52 72
31 98
10 75
51 76
3 36
66 92
32 99
24 95
55 82
0 3
59 89
11 12
9 88
44 45
2 48
3 13
54 95
34 37
66 69
32 76
37 42
24 72
3 49
43 85
36 46
1 88
7 19
47 55
26 32
67 70
88 93
18 28
36 82
77 83
29 43
47 91
48 56
0 16
40 52
5 94
6 59
2 25
62 76
81 89
33 49
73 85
20 79
31 88
23 84
2 61
43 62
66 82
32 89
24 85
43 98
35 94
76 95
55 72
47 68
5 71
58 83
50 79
29 56
69 92
61 88
19 91
39 69
62 89
54 85
12 88
4 84
23 97
24 62
35 71
1 78
13 89
5 48
46 86
65 99
9 55
29 33
21 29
5 84
58 96
50 92
10 19
42 88
62 66
73 75
20 69
25 35
39 82
31 78
32 43
24 39
3 16
43 52
84 90
14 25
13 66
45 98
24 75
65 76
17 36
76 85
9 32
5 61
46 99
38 95
58 73
80 91
27 85
19 81
39 59
30 90
31 55
23 51
20 82
13 43
32 56
23 87
24 52
64 88
1 68
38 72
76 98
68 94
7 84
26 97
6 39
18 93
19 58
30 67
27 98
20 59
60 95
39 72
13 20
31 68
24 29
35 38
1 45
34 79
13 56
46 53
56 97
57 62
36 39
9 22
26 74
5 51
18 70
79 86
58 63
98 99
50 59
90 95
69 72
61 68
8 62
19 71
11 67
12 32
30 80
91 96
23 41
83 92
75 88
41 95
1 22
33 91
13 33
72 82
24 42
64 78
22 81
1 58
34 92
46 66
37 97
65 79
57 75
49 71
7 74
27 52
18 83
79 99
11 44
71 95
8 75
41 72
12 45
52 81
31 58
44 77
1 35
53 82
45 78
64 91
37 74
3 81
9 12
14 90
15 55
26 64
27 29
18 60
59 98
30 34
7 87
8 52
48 88
40 84
19 61
60 62
11 57
31 35
41 85
1 12
60 98
33 81
13 23
25 77
4 54
44 90
37 51
16 28
56 64
2 93
22 71
14 67
34 82
67 79
46 56
86 92
78 88
57 65
70 84
49 61
89 97
36 91
15 68
7 64
27 42
18 73
19 38
30 47
71 85
82 94
21 84
40 97
41 62
60 75
52 71
22 48
1 25
33 94
74 95
25 90
53 72
45 68
3 71
22 84
7 41
67 92
59 88
70 97
9 87
48 78
0 38
6 81
4 8
62 98
41 75
1 2
33 71
44 80
10 87
2 83
3 48
14 57
15 22
7 18
59 65
38 42
36 81
55 94
47 90
8 19
48 55
0 15
18 63
11 24
92 98
71 75
60 65
6 94
52 61
25 44
10 64
25 80
66 81
93 98
45 58
32 88
3 61
43 97
35 93
14 70
55 71
47 67
26 44
70 87
17 81
9 77
77 95
48 68
0 28
40 64
10 41
21 87
62 88
41 65
54 84
20 91
44 70
3 38
43 74
22 51
74 98
7 8
66 94
937.22
585.38
596.36
5558.47
9076.85
1797.41
7610.71
1613.16
1720.82
4218.75
8340.58
5034.22
4466.55
9141.00
3266.84
1973.36
8971.20
4032.55
5598.29
5756.67
4984.81
7236.26
1826.16
3858.50
4179.93
6441.10
2137.34
5436.72
4569.78
923.66
8535.55
8108.31
6766.09
6748.56
1661.47
7338.67
5362.01
164.04
4372.48
3717.10
4630.73
9054.00
7647.39
1815.88
4320.08
6995.42
3401.34
2402.11
5465.90
2082.59
5596.22
5036.93
1624.87
8970.36
2255.41
9890.08
2186.30
4634.11
1822.75
4414.80
9151.22
982.49
9911.08
1132.22
883.35
8903.30
2290.14
3989.71
2158.40
115.88
2514.75
9513.99
1297.14
3949.92
5170.47
3384.10
96.08
4928.27
411.15
2792.18
3872.01
6021.94
30.20
1305.43
6158.07
3822.16
4607.31
2159.32
798.25
1048.89
4251.68
1541.75
24.15
5199.15
2805.29
8895.23
9261.43
8768.12
3422.13
9184.26
