100 0
839.98
2782.46
5462.13
1160.40
269.11
3662.35
4055.10
9830.85
1981.74
8029.20
8171.55
4825.44
5170.59
3027.18
1387.63
2222.25
8938.34
7509.03
843.52
3982.99
8563.96
3046.89
9554.31
8097.32
9058.29
123.36
7572.95
1073.58
2382.25
4335.66
8684.16
6251.92
5088.32
4663.01
9788.32
1987.01
9963.53
422.30
2593.18
530.82
6685.72
1879.18
442.20
7775.92
5385.52
6419.38
5105.55
295.74
9962.42
8300.99
1645.10
2260.65
1319.99
5440.37
9277.23
4445.89
5455.15
2814.57
8321.70
1432.05
3708.32
8822.55
1195.17
1572.35
6275.42
2498.32
3895.80
9384.45
1691.48
8471.97
9707.28
5726.57
9104.31
4646.57
6300.39
1113.77
5989.43
9900.21
9527.81
6570.68
3537.93
5890.87
4853.39
6358.63
7936.67
7819.46
7847.78
3295.74
8427.91
2792.64
4767.47
2277.04
2717.36
5719.59
287.61
6620.07
928.69
9406.57
9426.44
1963.62
