100 4950
13 88
16 93
29 32
6 48
9 90
50 91
41 42
25 34
44 47
2 50
4 96
36 48
55 61
96 99
29 45
48 58
6 61
25 47
43 64
1 67
17 48
36 61
31 67
3 5
24 64
43 77
1 80
17 61
58 62
61 67
10 21
54 64
73 77
12 67
31 80
3 18
5 27
65 78
68 83
26 86
58 75
42 67
61 80
80 93
0 70
19 83
12 80
53 81
72 94
56 86
9 11
5 40
46 78
65 91
49 83
68 96
7 86
26 99
42 80
0 83
19 96
60 97
13 22
32 35
16 27
35 40
34 81
53 94
37 86
56 99
9 24
28 37
27 41
30 46
90 97
7 99
20 38
39 51
4 30
23 43
83 94
41 97
13 35
25 89
16 40
34 94
37 99
8 41
27 54
11 46
30 59
71 97
20 51
4 43
23 56
22 60
38 41
15 57
18 62
50 51
8 54
11 59
52 60
1 14
45 57
64 70
3 60
22 73
38 54
15 70
18 75
33 60
52 73
10 76
45 70
3 73
47 79
0 4
21 63
40 76
12 14
33 73
10 89
51 90
7 20
26 33
67 71
70 76
28 79
47 92
0 17
19 30
5 95
63 73
21 76
40 89
81 90
39 93
14 36
74 87
13 77
32 90
16 82
35 95
7 33
26 46
67 84
70 89
9 79
28 92
69 93
2 39
62 90
20 93
23 98
14 49
13 90
16 95
29 34
6 50
9 92
50 93
8 96
41 44
25 36
44 49
2 52
4 98
36 50
55 63
38 96
29 47
6 63
24 53
43 66
1 69
17 50
36 63
31 69
3 7
24 66
43 79
1 82
58 64
61 69
80 82
19 72
10 23
54 66
12 69
31 82
72 83
5 29
46 67
65 80
49 72
68 85
26 88
58 77
42 69
61 82
0 72
19 85
12 82
53 83
72 96
56 88
9 13
14 91
5 42
46 80
65 93
49 85
68 98
21 23
7 88
20 27
39 40
23 32
0 85
41 86
60 99
13 24
32 37
44 91
16 29
35 42
34 83
53 96
37 88
9 26
27 43
30 48
71 86
90 99
20 40
39 53
4 32
23 45
83 96
41 99
13 37
25 91
16 42
15 46
34 96
18 51
8 43
27 56
11 48
30 61
71 99
1 3
4 45
45 46
22 62
38 43
15 59
18 64
8 56
11 61
52 62
10 65
1 16
45 59
64 72
3 62
22 75
38 56
40 65
33 62
52 75
10 78
3 75
47 81
0 6
21 65
40 78
12 16
33 75
74 76
32 79
51 92
35 84
7 22
26 35
67 73
70 78
89 91
9 68
28 81
47 94
0 19
5 97
63 75
21 78
62 79
81 92
39 95
14 38
74 89
13 79
32 92
16 84
35 97
7 35
9 81
28 94
69 95
2 41
62 92
20 95
4 87
14 51
13 92
16 97
57 98
29 36
48 49
6 52
50 95
8 98
25 38
44 51
2 54
43 55
84 93
87 98
17 39
36 52
55 65
38 98
29 49
6 65
24 55
43 68
1 71
17 52
36 65
10 12
54 55
12 58
31 71
3 9
24 68
65 69
68 74
1 84
58 66
77 79
42 58
61 71
80 84
19 74
10 25
54 68
12 71
31 84
72 85
5 31
46 69
65 82
49 74
68 87
7 77
26 90
58 79
42 71
61 84
0 74
19 87
60 88
16 18
34 72
53 85
72 98
37 77
56 90
9 15
14 93
5 44
46 82
49 87
7 90
20 29
39 42
23 34
83 85
0 87
41 88
13 26
32 39
44 93
16 31
2 96
35 44
34 85
53 98
37 90
9 28
8 32
27 45
11 37
30 50
71 88
29 91
20 42
4 34
23 47
83 98
25 93
15 48
18 53
59 91
8 45
27 58
11 50
30 63
1 5
4 47
45 48
3 51
22 64
38 45
57 58
15 61
18 66
33 51
52 64
10 67
1 18
45 61
3 64
22 77
40 67
33 64
52 77
10 80
28 70
47 83
0 8
19 21
5 86
63 64
21 67
40 80
14 27
74 78
32 81
51 94
35 86
7 24
26 37
67 75
70 80
9 70
28 83
47 96
0 21
5 99
21 80
62 81
81 94
20 84
39 97
14 40
74 91
13 81
32 94
16 86
35 99
7 37
6 41
9 83
50 84
69 97
25 27
2 43
62 94
20 97
4 89
36 41
13 94
16 99
29 38
48 51
6 54
92 94
50 97
25 40
2 56
43 57
84 95
1 60
17 41
36 54
55 67
29 51
31 60
24 57
43 70
1 73
17 54
10 14
54 57
12 60
31 73
3 11
5 20
24 70
65 71
68 76
26 79
58 68
77 81
42 60
61 73
80 86
0 63
19 76
54 70
12 73
53 74
72 87
56 79
5 33
46 71
65 84
49 76
68 89
7 79
26 92
42 73
0 76
19 89
60 90
13 15
16 20
34 74
53 87
37 79
56 92
9 17
28 30
14 95
27 34
46 84
30 39
49 89
7 92
48 93
20 31
39 44
4 23
23 36
83 87
41 90
13 28
25 82
44 95
16 33
2 98
34 87
37 92
78 93
8 34
27 47
11 39
30 52
71 90
29 93
20 44
4 36
23 49
25 95
15 50
18 55
59 93
17 96
8 47
11 52
52 53
1 7
45 50
3 53
22 66
38 47
15 63
18 68
33 53
52 66
10 69
1 20
45 63
3 66
21 56
40 69
33 66
10 82
51 83
7 13
28 72
47 85
0 10
19 23
5 88
63 66
21 69
40 82
81 83
14 29
74 80
13 70
32 83
51 96
35 88
7 26
26 39
67 77
70 82
9 72
28 85
0 23
2 32
62 83
81 96
20 86
39 99
23 91
14 42
13 83
32 96
16 88
6 43
9 85
50 86
69 99
25 29
2 45
62 96
20 99
4 91
36 43
55 56
38 89
29 40
48 53
6 56
92 96
50 99
25 42
24 46
43 59
84 97
1 62
17 43
36 56
31 62
24 59
43 72
1 75
17 56
61 62
19 65
10 16
54 59
12 62
31 75
72 76
5 22
46 60
65 73
49 65
68 78
26 81
58 70
42 62
61 75
0 65
19 78
12 75
53 76
72 89
56 81
14 84
5 35
46 73
65 86
49 78
68 91
7 81
26 94
23 25
42 75
0 78
41 79
60 92
13 17
44 84
16 22
34 76
53 89
37 81
56 94
9 19
14 97
27 36
30 41
71 79
90 92
7 94
48 95
20 33
6 98
39 46
4 25
23 38
83 89
41 92
13 30
25 84
44 97
16 35
34 89
37 94
78 95
36 98
8 36
27 49
11 41
30 54
71 92
29 95
4 38
22 55
25 97
66 98
15 52
18 57
59 95
17 98
8 49
11 54
52 55
1 9
45 52
64 65
3 55
22 68
38 49
33 55
52 68
10 71
3 68
47 74
21 58
40 71
33 68
10 84
51 85
7 15
26 28
70 71
28 74
47 87
0 12
19 25
5 90
63 68
21 71
62 72
81 85
39 88
14 31
74 82
13 72
32 85
51 98
16 77
35 90
7 28
9 74
28 87
69 88
2 34
62 85
81 98
20 88
23 93
14 44
13 85
16 90
6 45
50 88
8 91
25 31
11 96
2 47
43 48
84 86
4 93
17 32
36 45
55 58
38 91
29 42
6 58
24 48
43 61
84 99
1 64
17 45
36 58
12 51
31 64
24 61
1 77
58 59
42 51
61 64
19 67
10 18
54 61
12 64
31 77
72 78
5 24
46 62
65 75
49 67
68 80
7 70
26 83
58 72
42 64
61 77
0 67
19 80
60 81
34 65
53 78
72 91
37 70
56 83
14 86
5 37
46 75
49 80
7 83
26 96
20 22
23 27
0 80
41 81
60 94
13 19
44 86
16 24
2 89
35 37
34 78
53 91
37 83
56 96
9 21
14 99
8 25
27 38
30 43
71 81
90 94
29 84
48 97
20 35
4 27
23 40
83 91
41 94
25 86
44 99
15 41
18 46
59 84
78 97
8 38
27 51
11 43
30 56
71 94
29 97
4 40
22 57
25 99
15 54
18 59
59 97
52 57
10 60
1 11
45 54
3 57
22 70
40 60
33 57
52 70
10 73
47 76
0 1
5 79
21 60
40 73
14 20
32 74
51 87
35 79
7 17
26 30
67 68
70 73
9 63
28 76
47 89
0 14
5 92
21 73
62 74
81 87
39 90
14 33
74 84
13 74
32 87
16 79
35 92
7 30
6 34
9 76
28 89
69 90
27 93
30 98
2 36
62 87
20 90
4 82
23 95
13 87
16 92
57 93
29 31
6 47
50 90
8 93
25 33
11 98
2 49
43 50
84 88
1 53
87 93
4 95
17 34
36 47
55 60
96 98
38 93
29 44
31 53
24 50
43 63
1 66
17 47
12 53
31 66
3 4
24 63
68 69
26 72
58 61
42 53
61 66
0 56
19 69
54 63
12 66
53 67
72 80
56 72
5 26
46 64
65 77
49 69
68 82
7 72
26 85
42 66
0 69
19 82
60 83
34 67
53 80
72 93
37 72
56 85
9 10
14 88
5 39
46 77
49 82
7 85
48 86
20 24
23 29
41 83
60 96
13 21
25 75
44 88
16 26
2 91
34 80
37 85
78 86
97 99
8 27
27 40
11 32
30 45
71 83
90 96
29 86
48 99
20 37
4 29
23 42
41 96
25 88
15 43
18 48
59 86
78 99
17 89
8 40
27 53
11 45
30 58
71 96
29 99
3 46
22 59
38 40
15 56
18 61
59 99
33 46
52 59
10 62
1 13
45 56
3 59
22 72
40 62
33 59
52 72
10 75
51 76
28 65
47 78
0 3
5 81
21 62
40 75
14 22
32 76
51 89
35 81
7 19
26 32
67 70
70 75
9 65
28 78
47 91
0 16
5 94
2 25
21 75
62 76
81 89
20 79
39 92
23 84
14 35
13 76
32 89
16 81
35 94
76 95
6 36
9 78
50 79
69 92
27 95
2 38
62 89
20 92
4 84
23 97
13 89
16 94
57 95
29 33
15 98
6 49
50 92
8 95
25 35
24 39
43 52
84 90
1 55
87 95
4 97
45 98
17 36
36 49
38 95
31 55
75 98
24 52
43 65
1 68
17 49
19 58
12 55
31 68
5 15
46 53
65 66
49 58
68 71
26 74
58 63
42 55
61 68
0 58
19 71
12 68
53 69
72 82
56 74
5 28
46 66
65 79
49 71
68 84
7 74
26 87
42 68
0 71
41 72
60 85
44 77
34 69
53 82
37 74
56 87
9 12
14 90
27 29
30 34
71 72
7 87
48 88
20 26
4 18
23 31
41 85
60 98
13 23
25 77
44 90
16 28
2 93
34 82
37 87
78 88
36 91
8 29
27 42
11 34
30 47
71 85
90 98
29 88
4 31
23 44
22 48
25 90
66 91
15 45
18 50
59 88
17 91
8 42
11 47
1 2
3 48
22 61
38 42
15 58
18 63
33 48
52 61
10 64
45 58
3 61
47 67
21 51
40 64
33 61
10 77
51 78
7 8
28 67
47 80
0 5
5 83
21 64
40 77
39 81
14 24
74 75
13 65
32 78
51 91
16 70
35 83
7 21
70 77
9 67
28 80
69 81
5 96
2 27
62 78
81 91
20 81
39 94
23 86
14 37
13 78
32 91
16 83
35 96
76 97
6 38
9 80
50 81
69 94
8 84
27 97
11 89
2 40
62 91
20 94
4 86
23 99
17 25
36 38
38 84
57 97
29 35
6 51
50 94
91 95
8 97
24 41
43 54
84 92
1 57
87 97
4 99
17 38
36 51
38 97
12 44
31 57
24 54
1 70
42 44
19 60
10 11
12 57
31 70
5 17
46 55
65 68
49 60
68 73
7 63
26 76
58 65
42 57
61 70
0 60
19 73
60 74
34 58
53 71
72 84
37 63
56 76
14 79
5 30
46 68
49 73
7 76
26 89
0 73
41 74
60 87
44 79
16 17
34 71
53 84
37 76
56 89
9 14
14 92
27 31
30 36
71 74
29 77
48 90
20 28
6 93
39 41
4 20
23 33
83 84
41 87
25 79
44 92
85 93
16 30
2 95
15 34
18 39
59 77
78 90
36 93
8 31
27 44
11 36
30 49
71 87
29 90
4 33
22 50
25 92
66 93
15 47
18 52
59 90
17 93
8 44
11 49
10 53
1 4
54 96
45 47
3 50
22 63
40 53
33 50
52 63
10 66
3 63
47 69
5 72
21 53
40 66
33 63
32 67
51 80
35 72
7 10
9 56
28 69
47 82
0 7
5 85
21 66
62 67
39 83
14 26
74 77
13 67
32 80
51 93
16 72
35 85
7 23
6 27
9 69
28 82
69 83
27 86
30 91
2 29
62 80
81 93
20 83
39 96
4 75
23 88
13 80
16 85
57 86
76 99
6 40
50 83
69 96
8 86
27 99
25 26
11 91
2 42
20 96
4 88
17 27
36 40
38 86
57 99
29 37
31 46
50 96
91 97
8 99
24 43
43 56
84 94
1 59
87 99
17 40
38 99
12 46
31 59
24 56
42 46
0 49
19 62
10 13
54 56
12 59
53 60
72 73
5 19
46 57
65 70
49 62
68 75
7 65
26 78
42 59
0 62
19 75
60 76
34 60
53 73
72 86
37 65
56 78
14 81
5 32
46 70
49 75
7 78
26 91
41 76
60 89
13 14
25 68
44 81
16 19
2 84
34 73
37 78
78 79
9 16
14 94
55 95
8 20
27 33
11 25
30 38
71 76
29 79
48 92
20 30
6 95
4 22
23 35
41 89
25 81
44 94
85 95
2 97
15 36
18 41
59 79
78 92
36 95
8 33
27 46
11 38
30 51
71 89
29 92
4 35
3 39
22 52
66 95
24 98
15 49
18 54
59 92
17 95
33 39
10 55
1 6
54 98
45 49
3 52
22 65
40 55
33 52
52 65
10 68
51 69
28 58
47 71
5 74
21 55
40 68
14 15
32 69
51 82
35 74
7 12
9 58
28 71
47 84
0 9
5 87
21 68
62 69
81 82
20 72
39 85
23 77
14 28
74 79
13 69
32 82
16 74
35 87
76 88
6 29
9 71
50 72
69 85
27 88
30 93
2 31
62 82
20 85
39 98
4 77
23 90
13 82
16 87
57 88
15 91
6 42
18 96
50 85
69 98
8 88
25 28
11 93
24 32
43 45
1 48
87 88
4 90
45 91
17 29
36 42
38 88
31 48
91 99
75 91
24 45
43 58
84 96
1 61
17 42
12 48
31 61
5 8
49 51
26 67
42 48
0 51
19 64
12 61
53 62
72 75
56 67
5 21
46 59
65 72
49 64
68 77
7 67
26 80
42 61
0 64
60 78
34 62
53 75
37 67
56 80
14 83
7 80
48 81
4 11
23 24
41 78
60 91
13 16
25 70
44 83
16 21
2 86
34 75
37 80
78 81
14 96
55 97
8 22
27 35
11 27
30 40
71 78
90 91
29 81
48 94
20 32
6 97
4 24
23 37
22 41
25 83
44 96
85 97
2 99
15 38
18 43
59 81
78 94
17 84
36 97
8 35
11 40
29 94
3 41
22 54
66 97
15 51
18 56
59 94
17 97
33 41
52 54
10 57
45 51
3 54
47 60
21 44
40 57
33 54
10 70
51 71
28 60
47 73
5 76
21 57
40 70
39 74
14 17
13 58
32 71
51 84
16 63
35 76
7 14
9 60
28 73
69 74
5 89
2 20
62 71
81 84
20 74
39 87
23 79
14 30
13 71
32 84
16 76
35 89
76 90
6 31
9 73
50 74
69 87
8 77
27 90
11 82
30 95
2 33
62 84
20 87
4 79
23 92
64 93
17 18
38 77
57 90
15 93
6 44
18 98
50 87
8 90
11 95
24 34
43 47
84 85
1 50
87 90
4 92
45 93
17 31
3 96
36 44
38 90
31 50
75 93
33 96
24 47
84 98
1 63
19 53
63 96
12 50
31 63
5 10
46 48
49 53
26 69
42 50
61 63
0 53
19 66
53 64
72 77
56 69
14 72
5 23
46 61
49 66
68 79
7 69
26 82
0 66
41 67
60 80
44 72
34 64
53 77
37 69
56 82
14 85
7 82
48 83
20 21
6 86
4 13
23 26
41 80
60 93
13 18
25 72
44 85
16 23
2 88
15 27
18 32
78 83
36 86
55 99
8 24
27 37
11 29
30 42
71 80
29 83
48 96
6 99
4 26
22 43
25 85
66 86
85 99
15 40
18 45
59 83
78 96
17 86
36 99
8 37
11 42
10 46
29 96
3 43
22 56
66 99
40 46
17 99
33 43
52 56
10 59
3 56
47 62
5 65
21 46
40 59
33 56
32 60
51 73
35 65
9 49
28 62
47 75
5 78
21 59
39 76
14 19
13 60
32 73
51 86
16 65
35 78
7 16
9 62
28 75
69 76
27 79
30 84
2 22
62 73
81 86
20 76
39 89
4 68
23 81
14 32
13 73
16 78
57 79
76 92
6 33
50 76
69 89
8 79
27 92
11 84
30 97
2 35
20 89
4 81
23 94
64 95
17 20
38 79
57 92
29 30
15 95
6 46
50 89
8 92
94 95
11 97
52 98
24 36
43 49
84 87
1 52
87 92
45 95
17 33
3 98
38 92
79 93
82 98
12 39
31 52
75 95
33 98
24 49
1 65
19 55
63 98
12 52
31 65
5 12
46 50
49 55
7 58
26 71
42 52
0 55
19 68
60 69
34 53
53 66
72 79
37 58
56 71
14 74
5 25
46 63
49 68
7 71
26 84
0 68
41 69
60 82
44 74
2 77
34 66
53 79
37 71
56 84
14 87
55 88
8 13
11 18
30 31
29 72
48 85
20 23
6 88
4 15
23 28
41 82
25 74
44 87
85 88
2 90
15 29
18 34
59 72
78 85
97 98
36 88
8 26
27 39
11 31
30 44
71 82
29 85
48 98
4 28
3 32
22 45
25 87
66 88
24 91
15 42
18 47
59 85
78 98
17 88
10 48
54 91
3 45
22 58
40 48
33 45
52 58
10 61
51 62
28 51
47 64
5 67
21 48
40 61
32 62
51 75
35 67
9 51
28 64
47 77
0 2
5 80
21 61
20 65
39 78
23 70
14 21
13 62
32 75
16 67
35 80
76 81
6 22
9 64
50 65
69 78
27 81
30 86
2 24
62 75
20 78
39 91
4 70
23 83
13 75
16 80
57 81
76 94
15 84
6 35
50 78
69 91
8 81
27 94
11 86
30 99
2 37
1 41
4 83
45 84
64 97
17 22
38 81
57 94
15 97
31 41
91 92
75 84
8 94
94 97
11 99
24 38
43 51
84 89
1 54
87 94
45 97
17 35
38 94
79 95
12 41
31 54
75 97
24 51
26 60
67 98
0 44
19 57
12 54
53 55
56 60
5 14
46 52
49 57
68 70
7 60
26 73
42 54
0 57
19 70
60 71
34 55
53 68
72 81
37 60
56 73
14 76
46 65
49 70
7 73
48 74
41 71
60 84
25 63
44 76
2 79
34 68
37 73
14 89
55 90
8 15
27 28
11 20
30 33
29 74
48 87
20 25
6 90
4 17
23 30
22 34
41 84
25 76
44 89
85 90
2 92
43 93
15 31
18 36
59 74
78 87
17 77
36 90
8 28
11 33
71 84
29 87
73 93
3 34
22 47
66 90
24 93
15 44
18 49
59 87
17 90
33 34
10 50
54 93
12 96
3 47
47 53
21 37
40 50
42 96
33 47
10 63
51 64
28 53
47 66
5 69
21 50
40 63
13 51
32 64
51 77
16 56
35 69
9 53
28 66
5 82
2 13
62 64
20 67
39 80
23 72
14 23
13 64
32 77
16 69
35 82
76 83
6 24
9 66
50 67
69 80
8 70
27 83
30 88
2 26
62 77
20 80
4 72
23 85
38 70
57 83
76 96
15 86
6 37
18 91
50 80
8 83
27 96
11 88
24 27
1 43
4 85
45 86
64 99
17 24
36 37
38 83
57 96
15 99
31 43
91 94
75 86
94 99
24 40
43 53
84 91
1 56
87 96
45 99
17 37
19 46
79 97
63 89
12 43
31 56
75 99
26 62
42 43
0 46
19 59
12 56
53 57
56 62
14 65
5 16
46 54
65 67
49 59
68 72
7 62
26 75
42 56
0 59
41 60
60 73
44 65
34 57
53 70
37 62
56 75
14 78
7 75
48 76
6 79
4 6
41 73
60 86
25 65
44 78
2 81
15 20
34 70
18 25
37 75
36 79
55 92
8 17
27 30
11 22
30 35
71 73
29 76
48 89
6 92
4 19
22 36
25 78
66 79
85 92
2 94
43 95
15 33
1 98
18 38
59 76
78 89
17 79
36 92
8 30
11 35
29 89
73 95
31 98
3 36
22 49
66 92
24 95
59 89
17 92
58 93
61 98
33 36
10 52
54 95
12 98
3 49
47 55
88 93
21 39
40 52
42 98
33 49
32 53
51 66
9 42
28 55
47 68
5 71
21 52
39 69
13 53
32 66
51 79
16 58
35 71
7 9
9 55
28 68
5 84
2 15
62 66
20 69
39 82
23 74
14 25
13 66
16 71
76 85
6 26
50 69
69 82
8 72
27 85
11 77
30 90
2 28
20 82
4 74
23 87
64 88
38 72
57 85
76 98
15 88
6 39
18 93
50 82
8 85
27 98
11 90
24 29
1 45
45 88
17 26
3 91
36 39
38 85
79 86
98 99
12 32
31 45
91 96
75 88
33 91
24 42
1 58
19 48
79 99
63 91
12 45
31 58
7 51
26 64
42 45
0 48
19 61
60 62
34 46
53 59
37 51
56 64
14 67
5 18
46 56
49 61
7 64
26 77
0 61
41 62
60 75
44 67
2 70
34 59
53 72
37 64
56 77
14 80
55 81
29 65
48 78
6 81
4 8
41 75
25 67
44 80
2 83
15 22
18 27
59 65
36 81
55 94
8 19
27 32
11 24
30 37
71 75
29 78
48 91
6 94
4 21
22 38
25 80
66 81
85 94
24 84
43 97
15 35
18 40
59 78
78 91
17 81
36 94
77 95
10 41
54 84
73 97
3 38
22 51
66 94
24 97
40 41
17 94
58 95
33 38
10 54
54 97
47 57
88 95
5 60
46 98
21 41
40 54
32 55
51 68
35 60
9 44
28 57
47 70
5 73
21 54
39 71
13 55
32 68
51 81
16 60
35 73
7 11
6 15
9 57
50 58
69 71
27 74
30 79
2 17
62 68
20 71
39 84
4 63
23 76
13 68
16 73
57 74
76 87
6 28
50 71
69 84
8 74
27 87
11 79
30 92
2 30
1 34
4 76
23 89
64 90
22 93
38 74
57 87
15 90
18 95
31 34
8 87
11 92
52 93
24 31
43 44
1 47
45 90
17 28
3 93
38 87
79 88
82 93
12 34
31 47
91 98
75 90
33 93
24 44
26 53
0 37
19 50
63 93
21 96
12 47
5 7
49 50
7 53
26 66
42 47
0 50
19 63
60 64
34 48
53 61
72 74
37 53
56 66
14 69
46 58
49 63
7 66
48 67
41 64
60 77
25 56
44 69
2 72
34 61
37 66
14 82
55 83
11 13
29 67
48 80
6 83
4 10
41 77
25 69
44 82
2 85
43 86
15 24
18 29
59 67
78 80
17 70
36 83
55 96
8 21
11 26
71 77
29 80
73 86
6 96
3 27
22 40
66 83
85 96
24 86
43 99
15 37
18 42
59 80
17 83
36 96
77 97
10 43
54 86
73 99
12 89
3 40
22 53
66 96
24 99
40 43
58 97
42 89
33 40
10 56
51 57
54 99
28 46
47 59
88 97
5 62
21 43
40 56
32 57
51 70
35 62
9 46
28 59
47 72
5 75
2 6
20 60
39 73
23 65
14 16
13 57
32 70
16 62
35 75
6 17
9 59
50 60
69 73
27 76
30 81
2 19
62 70
20 73
39 86
4 65
23 78
16 75
57 76
76 89
15 79
6 30
18 84
50 73
69 86
8 76
27 89
11 81
30 94
1 36
4 78
45 79
64 92
22 95
38 76
57 89
15 92
18 97
31 36
75 79
8 89
11 94
52 95
24 33
10 98
43 46
1 49
87 89
45 92
17 30
3 95
19 39
79 90
82 95
40 98
12 36
31 49
75 92
33 95
26 55
67 93
70 98
0 39
19 52
63 95
21 98
12 49
14 58
5 9
46 47
49 52
7 55
26 68
42 49
0 52
41 53
60 66
44 58
34 50
53 63
37 55
56 68
14 71
7 68
48 69
6 72
41 66
60 79
25 58
44 71
2 74
34 63
37 68
36 72
55 85
8 10
11 15
29 69
48 82
6 85
4 12
22 29
25 71
66 72
2 87
43 88
15 26
18 31
59 69
78 82
17 72
36 85
55 98
8 23
11 28
29 82
73 88
31 91
3 29
22 42
66 85
85 98
24 88
15 39
18 44
59 82
17 85
58 86
77 99
61 91
10 45
54 88
12 91
3 42
47 48
21 32
40 45
58 99
42 91
0 94
33 42
10 58
51 59
28 48
47 61
88 99
5 64
21 45
40 58
39 62
13 46
32 59
51 72
16 51
35 64
9 48
28 61
5 77
2 8
20 62
39 75
23 67
14 18
13 59
32 72
16 64
35 77
76 78
6 19
9 61
50 62
69 75
8 65
27 78
11 70
30 83
2 21
20 75
4 67
23 80
64 81
38 65
57 78
76 91
15 81
6 32
18 86
50 75
8 78
27 91
11 83
30 96
1 38
4 80
45 81
64 94
17 19
3 84
22 97
38 78
57 91
15 94
18 99
12 25
31 38
75 81
33 84
52 97
24 35
1 51
87 91
45 94
86 95
3 97
19 41
79 92
63 84
82 97
12 38
31 51
75 94
33 97
7 44
26 57
67 95
0 41
19 54
63 97
34 39
37 44
56 57
14 60
5 11
46 49
49 54
7 57
26 70
0 54
41 55
60 68
44 60
2 63
34 52
53 65
37 57
56 70
14 73
55 74
29 58
48 71
6 74
41 68
25 60
44 73
2 76
18 20
36 74
55 87
8 12
11 17
29 71
48 84
6 87
4 14
22 31
25 73
66 74
85 87
24 77
43 90
15 28
1 93
18 33
59 71
78 84
17 74
36 87
77 88
11 30
10 34
54 77
73 90
31 93
3 31
22 44
66 87
24 90
17 87
58 88
61 93
10 47
54 90
12 93
3 44
47 50
5 53
46 91
49 96
21 34
40 47
42 93
0 96
33 44
32 48
51 61
35 53
9 37
28 50
47 63
5 66
21 47
39 64
13 48
32 61
51 74
16 53
35 66
6 8
9 50
28 63
27 67
30 72
2 10
20 64
39 77
4 56
23 69
13 61
16 66
57 67
76 80
6 21
50 64
69 77
8 67
27 80
11 72
30 85
2 23
1 27
20 77
4 69
23 82
64 83
22 86
38 67
57 80
76 93
15 83
18 88
50 77
8 80
11 85
52 86
1 40
45 83
64 96
17 21
3 86
22 99
38 80
79 81
82 86
15 96
12 27
31 40
75 83
94 96
33 86
52 99
24 37
45 96
86 97
3 99
0 30
19 43
79 94
63 86
82 99
21 89
12 40
75 96
33 99
7 46
26 59
67 97
0 43
19 56
63 99
34 41
53 54
37 46
56 59
14 62
5 13
46 51
49 56
7 59
48 60
41 57
60 70
25 49
44 62
2 65
34 54
37 59
14 75
55 76
29 60
48 73
6 76
41 70
25 62
44 75
2 78
15 17
18 22
59 60
17 63
36 76
55 89
8 14
11 19
30 32
29 73
73 79
6 89
4 16
3 20
22 33
66 76
85 89
24 79
43 92
15 30
1 95
18 35
59 73
17 76
36 89
77 90
80 95
10 36
54 79
73 92
31 95
3 33
22 46
66 89
24 92
58 90
42 82
61 95
19 98
10 49
54 92
12 95
28 39
47 52
88 90
5 55
46 93
49 98
21 36
40 49
42 95
0 98
32 50
51 63
35 55
9 39
28 52
47 65
5 68
21 49
20 53
39 66
23 58
13 50
32 63
16 55
35 68
6 10
9 52
50 53
27 69
30 74
2 12
62 63
20 66
39 79
4 58
23 71
13 63
16 68
57 69
76 82
15 72
6 23
18 77
50 66
69 79
8 69
27 82
11 74
30 87
1 29
4 71
45 72
64 85
22 88
38 69
57 82
15 85
18 90
8 82
11 87
52 88
24 26
10 91
1 42
45 85
64 98
17 23
3 88
19 32
38 82
79 83
82 88
40 91
12 29
31 42
91 93
75 85
94 98
33 88
26 48
67 86
86 99
70 91
0 32
19 45
79 96
63 88
21 91
12 42
7 48
26 61
67 99
9 94
0 45
41 46
34 43
53 56
37 48
56 61
14 64
7 61
48 62
41 59
60 72
25 51
44 64
2 67
34 56
37 61
14 77
55 78
29 62
48 75
6 78
4 5
25 64
2 80
43 81
15 19
18 24
59 62
17 65
36 78
55 91
8 16
11 21
29 75
73 81
6 91
3 22
22 35
66 78
85 91
24 81
43 94
15 32
1 97
18 37
59 75
17 78
77 92
80 97
10 38
54 81
73 94
12 84
31 97
3 35
24 94
65 95
21 25
58 92
42 84
61 97
33 35
10 51
51 52
54 94
12 97
28 41
47 54
88 92
5 57
46 95
21 38
40 51
39 55
42 97
13 39
32 52
51 65
16 44
35 57
34 98
9 41
28 54
5 70
20 55
39 68
23 60
13 52
32 65
16 57
35 70
6 12
9 54
50 55
8 58
27 71
11 63
30 76
2 14
62 65
20 68
4 60
23 73
64 74
38 58
57 71
76 84
15 74
6 25
18 79
50 68
8 71
27 84
11 76
30 89
1 31
4 73
45 74
64 87
3 77
22 90
38 71
57 84
15 87
18 92
12 18
33 77
52 90
24 28
10 93
1 44
45 87
86 88
3 90
89 93
19 34
79 85
63 77
82 90
40 93
12 31
31 44
75 87
33 90
26 50
67 88
70 93
28 96
0 34
19 47
79 98
63 90
21 93
14 53
7 50
26 63
9 96
0 47
41 48
60 61
44 53
34 45
53 58
37 50
56 63
14 66
48 64
6 67
41 61
25 53
44 66
2 69
36 67
55 80
29 64
48 77
6 80
4 7
22 24
25 66
66 67
2 82
43 83
15 21
1 86
18 26
59 64
17 67
36 80
55 93
8 18
11 23
10 27
73 83
31 86
3 24
22 37
66 80
24 83
43 96
1 99
17 80
58 81
77 94
61 86
80 99
10 40
54 83
73 96
12 86
31 99
3 37
5 46
24 96
65 97
21 27
58 94
42 86
61 99
0 89
33 37
32 41
51 54
35 46
95 97
12 99
9 30
28 43
47 56
88 94
5 59
46 97
21 40
39 57
42 99
13 41
32 54
51 67
16 46
35 59
9 43
28 56
27 60
30 65
2 3
20 57
39 70
4 49
23 62
13 54
16 59
57 60
6 14
50 57
69 70
8 60
27 73
11 65
30 78
2 16
20 70
4 62
23 75
64 76
22 79
38 60
57 73
76 86
15 76
18 81
50 70
8 73
11 78
52 79
1 33
45 76
64 89
3 79
22 92
38 73
15 89
18 94
12 20
31 33
75 76
33 79
52 92
24 30
10 95
1 46
45 89
86 90
3 92
89 95
47 98
19 36
79 87
63 79
82 92
21 82
40 95
12 33
75 89
33 92
74 93
7 39
26 52
67 90
70 95
28 98
0 36
19 49
63 92
21 95
37 39
14 55
5 6
13 96
7 52
26 65
9 98
41 50
60 63
44 55
2 58
34 47
37 52
56 65
14 68
55 69
29 53
48 66
6 69
41 63
25 55
44 68
2 71
36 69
55 82
11 12
29 66
48 79
6 82
4 9
3 13
22 26
66 69
24 72
43 85
15 23
1 88
18 28
59 66
17 69
36 82
77 83
80 88
10 29
54 72
73 85
31 88
3 26
22 39
66 82
24 85
43 98
17 82
58 83
77 96
61 88
19 91
10 42
54 85
73 98
12 88
28 32
5 48
46 86
65 99
49 91
21 29
40 42
58 96
42 88
0 91
32 43
51 56
35 48
95 99
9 32
28 45
47 58
88 96
5 61
46 99
21 42
20 46
39 59
23 51
13 43
32 56
16 48
35 61
9 45
27 62
30 67
2 5
20 59
39 72
4 51
23 64
13 56
16 61
57 62
15 65
6 16
18 70
50 59
69 72
8 62
27 75
11 67
30 80
2 18
1 22
4 64
45 65
64 78
22 81
38 62
57 75
15 78
18 83
8 75
11 80
52 81
1 35
45 78
64 91
3 81
22 94
38 75
40 84
12 22
31 35
75 78
33 81
52 94
93 95
10 97
26 41
67 79
86 92
70 84
3 94
89 97
0 25
19 38
79 89
63 81
82 94
21 84
40 97
12 35
33 94
74 95
32 98
7 41
26 54
67 92
70 97
9 87
0 38
19 51
63 94
21 97
62 98
34 36
37 41
14 57
13 98
7 54
48 55
92 98
41 52
60 65
25 44
44 57
2 60
34 49
37 54
14 70
55 71
29 55
48 68
6 71
41 65
25 57
44 70
2 73
43 74
17 58
36 71
55 84
8 9
11 14
29 68
73 74
6 84
3 15
22 28
66 71
24 74
43 87
15 25
1 90
18 30
59 68
17 71
36 84
77 85
80 90
10 31
54 74
73 87
12 77
31 90
3 28
66 84
24 87
65 88
68 93
58 85
77 98
42 77
61 90
19 93
10 44
54 87
12 90
28 34
5 50
46 88
49 93
21 31
7 96
40 44
39 48
58 98
42 90
0 93
13 32
32 45
51 58
16 37
35 50
34 91
37 96
9 34
28 47
88 98
5 63
20 48
39 61
23 53
13 45
32 58
16 50
35 63
9 47
8 51
27 64
11 56
30 69
2 7
20 61
4 53
23 66
64 67
38 51
57 64
76 77
15 67
6 18
18 72
50 61
8 64
27 77
11 69
30 82
1 24
4 66
45 67
64 80
3 70
22 83
38 64
57 77
15 80
18 85
33 70
52 83
10 86
1 37
45 80
3 83
22 96
19 27
63 70
82 83
40 86
12 24
31 37
75 80
33 83
52 96
93 97
10 99
26 43
67 81
86 94
70 86
89 99
0 27
19 40
79 91
63 83
82 96
21 86
40 99
12 37
14 46
74 97
7 43
26 56
67 94
70 99
9 89
0 40
44 46
21 99
34 38
37 43
14 59
7 56
48 57
6 60
41 54
60 67
25 46
44 59
2 62
34 51
37 56
36 60
55 73
29 57
48 70
6 73
25 59
2 75
43 76
1 79
18 19
17 60
36 73
55 86
8 11
11 16
10 20
29 70
73 76
31 79
3 17
22 30
66 73
85 86
24 76
43 89
1 92
59 70
17 73
58 74
77 87
61 79
80 92
10 33
54 76
73 89
12 79
31 92
3 30
24 89
65 90
68 95
26 98
58 87
42 79
61 92
0 82
19 95
32 34
35 39
54 89
12 92
53 93
56 98
9 23
28 36
47 49
5 52
46 90
49 95
21 33
7 98
39 50
42 92
83 93
0 95
13 34
32 47
51 60
16 39
35 52
34 93
37 98
9 36
28 49
20 50
39 63
4 42
23 55
13 47
16 52
6 7
8 53
27 66
11 58
30 71
2 9
20 63
4 55
23 68
64 69
38 53
57 66
76 79
15 69
6 20
18 74
50 63
8 66
11 71
1 26
45 69
64 82
3 72
22 85
38 66
15 82
18 87
12 13
33 72
52 85
10 88
1 39
45 82
3 85
22 98
19 29
79 80
63 72
82 85
40 88
12 26
31 39
75 82
33 85
74 86
93 99
7 32
26 45
67 83
86 96
70 88
28 91
0 29
19 42
63 85
21 88
14 48
74 99
7 45
26 58
67 96
9 91
0 42
41 43
44 48
2 51
34 40
37 45
56 58
14 61
55 62
29 46
48 59
6 62
41 56
25 48
44 61
2 64
36 62
55 75
29 59
48 72
6 75
3 6
25 61
24 65
43 78
15 16
1 81
18 21
17 62
36 75
80 81
10 22
54 65
73 78
31 81
3 19
22 32
66 75
24 78
43 91
1 94
17 75
58 76
77 89
61 81
80 94
19 84
10 35
54 78
73 91
12 81
31 94
72 95
5 41
46 79
65 92
49 84
68 97
21 22
58 89
42 81
61 94
0 84
19 97
32 36
35 41
12 94
53 95
9 25
28 38
47 51
88 89
5 54
46 92
49 97
21 35
20 39
39 52
42 94
83 95
0 97
41 98
13 36
32 49
16 41
35 54
34 95
9 38
27 55
30 60
71 98
20 52
39 65
4 44
23 57
13 49
16 54
6 9
50 52
8 55
27 68
11 60
30 73
2 11
1 15
4 57
64 71
22 74
38 55
57 68
15 71
18 76
8 68
11 73
52 74
1 28
45 71
64 84
3 74
22 87
38 68
18 89
12 15
33 74
52 87
24 25
10 90
26 34
67 72
3 87
89 90
47 93
0 18
19 31
79 82
63 74
82 87
21 77
40 90
12 28
33 87
74 88
7 34
26 47
67 85
86 98
70 90
28 93
0 31
19 44
63 87
21 90
14 50
13 91
16 96
7 47
9 93
41 45
25 37
44 50
2 53
34 42
37 47
14 63
55 64
29 48
48 61
6 64
41 58
25 50
44 63
2 66
43 67
17 51
36 64
55 77
29 61
6 77
3 8
24 67
43 80
15 18
1 83
18 23
59 61
17 64
36 77
77 78
80 83
10 24
54 67
73 80
12 70
31 83
3 21
66 77
24 80
65 81
68 86
1 96
58 78
77 91
42 70
61 83
80 96
19 86
10 37
54 80
12 83
31 96
72 97
5 43
46 81
65 94
49 86
68 99
21 24
7 89
58 91
42 83
61 96
0 86
19 99
13 25
32 38
35 43
34 84
53 97
37 89
9 27
28 40
88 91
5 56
46 94
49 99
20 41
39 54
23 46
83 97
0 99
13 38
32 51
16 43
35 56
34 97
9 40
27 57
30 62
20 54
39 67
4 46
23 59
38 44
15 60
6 11
18 65
50 54
8 57
27 70
11 62
30 75
1 17
4 59
45 60
64 73
22 76
38 57
57 70
15 73
18 78
11 75
52 76
10 79
1 30
45 73
64 86
3 76
22 89
19 20
40 79
12 17
33 76
52 89
10 92
26 36
67 74
86 87
70 79
3 89
89 92
47 95
0 20
19 33
5 98
79 84
63 76
82 89
21 79
40 92
12 30
14 39
33 89
74 90
32 93
35 98
7 36
26 49
67 87
70 92
9 82
28 95
0 33
21 92
62 93
14 52
13 93
16 98
7 49
48 50
6 53
92 93
9 95
41 47
25 39
44 52
2 55
34 44
37 49
36 53
55 66
29 50
48 63
6 66
25 52
2 68
43 69
1 72
17 53
36 66
55 79
29 63
31 72
3 10
22 23
24 69
43 82
1 85
59 63
17 66
58 67
77 80
61 72
80 85
10 26
54 69
73 82
12 72
31 85
3 23
24 82
65 83
68 88
58 80
77 93
42 72
61 85
80 98
0 75
19 88
10 39
54 82
12 85
53 86
72 99
56 91
28 29
5 45
46 83
65 96
49 88
21 26
7 91
39 43
42 85
83 86
0 88
13 27
32 40
51 53
16 32
35 45
95 96
34 86
53 99
37 91
9 29
28 42
5 58
46 96
20 43
39 56
23 48
83 99
13 40
25 94
16 45
35 58
34 99
8 46
27 59
11 51
30 64
20 56
4 48
23 61
38 46
57 59
15 62
6 13
18 67
50 56
8 59
27 72
11 64
30 77
1 19
4 61
45 62
64 75
3 65
22 78
38 59
57 72
15 75
18 80
33 65
52 78
10 81
1 32
45 75
3 78
22 91
19 22
63 65
40 81
12 19
31 32
33 78
52 91
10 94
51 95
7 25
26 38
67 76
86 89
70 81
89 94
28 84
47 97
0 22
19 35
63 78
82 91
21 81
40 94
81 95
14 41
74 92
32 95
7 38
26 51
67 89
70 94
9 84
28 97
0 35
2 44
21 94
62 95
20 98
37 38
14 54
13 95
29 39
48 52
6 55
92 95
9 97
50 98
41 49
25 41
44 54
2 57
36 55
55 68
29 52
48 65
6 68
25 54
24 58
43 71
1 74
17 55
36 68
10 15
54 58
31 74
3 12
22 25
66 68
24 71
43 84
1 87
17 68
58 69
77 82
61 74
80 87
19 77
10 28
54 71
73 84
12 74
31 87
72 88
3 25
5 34
46 72
65 85
49 77
68 90
26 93
58 82
42 74
61 87
0 77
19 90
12 87
53 88
56 93
9 18
28 31
5 47
46 85
65 98
49 90
21 28
7 93
39 45
42 87
83 88
0 90
41 91
13 29
32 42
51 55
16 34
35 47
95 98
34 88
37 93
9 31
28 44
27 48
30 53
71 91
20 45
39 58
4 37
23 50
13 42
25 96
16 47
8 48
27 61
11 53
30 66
2 4
1 8
20 58
4 50
23 63
22 67
38 48
57 61
15 64
18 69
8 61
11 66
52 67
1 21
45 64
64 77
3 67
22 80
38 61
15 77
18 82
33 67
52 80
10 83
26 27
45 77
3 80
47 86
0 11
19 24
63 67
21 70
40 83
12 21
75 77
33 80
74 81
93 94
10 96
51 97
7 27
26 40
67 78
86 91
70 83
89 96
28 86
47 99
0 24
19 37
63 80
21 83
40 96
81 97
14 43
74 94
13 84
32 97
16 89
7 40
67 91
70 96
9 86
28 99
25 30
2 46
62 97
34 35
37 40
14 56
55 57
13 97
29 41
48 54
6 57
92 97
9 99
41 51
25 43
44 56
2 59
43 60
17 44
36 57
55 70
29 54
6 70
24 60
43 73
1 76
17 57
36 70
10 17
54 60
12 63
31 76
3 14
22 27
66 70
24 73
65 74
1 89
58 71
77 84
42 63
61 76
80 89
19 79
10 30
54 73
12 76
31 89
72 90
5 36
46 74
65 87
49 79
68 92
26 95
58 84
42 76
61 89
0 79
19 92
35 36
34 77
53 90
37 82
56 95
9 20
28 33
14 98
5 49
46 87
49 92
90 93
21 30
7 95
20 34
39 47
23 39
83 90
0 92
41 93
13 31
32 44
44 98
16 36
35 49
34 90
37 95
9 33
27 50
30 55
71 93
20 47
39 60
4 39
23 52
13 44
25 98
16 49
15 53
18 58
59 96
8 50
27 63
11 55
30 68
1 10
4 52
45 53
64 66
22 69
38 50
57 63
15 66
18 71
8 63
11 68
52 69
10 72
1 23
45 66
64 79
3 69
22 82
38 63
40 72
33 69
52 82
10 85
26 29
70 72
3 82
47 88
0 13
19 26
5 91
63 69
21 72
40 85
12 23
33 82
74 83
93 96
32 86
51 99
35 91
7 29
26 42
67 80
86 93
70 85
89 98
9 75
28 88
0 26
63 82
21 85
62 86
81 99
14 45
74 96
13 86
32 99
16 91
7 42
9 88
25 32
44 45
2 48
62 99
34 37
4 94
37 42
36 46
55 59
96 97
13 99
29 43
48 56
6 59
92 99
25 45
2 61
43 62
17 46
36 59
55 72
29 56
24 62
43 75
1 78
17 59
58 60
61 65
10 19
54 62
73 75
12 65
31 78
3 16
24 75
65 76
68 81
1 91
58 73
77 86
42 65
61 78
80 91
19 81
10 32
54 75
12 78
72 92
5 38
46 76
65 89
49 81
68 94
7 84
26 97
42 78
0 81
19 94
60 95
13 20
32 33
16 25
35 38
34 79
53 92
37 84
56 97
9 22
28 35
5 51
46 89
49 94
90 95
7 97
20 36
39 49
23 41
83 92
41 95
13 33
32 46
16 38
35 51
34 92
37 97
9 35
8 39
27 52
11 44
30 57
71 95
29 98
20 49
4 41
23 54
38 39
15 55
18 60
59 98
8 52
27 65
11 57
30 70
1 12
4 54
45 55
64 68
3 58
22 71
38 52
57 65
15 68
18 73
33 58
52 71
10 74
1 25
45 68
3 71
22 84
40 74
33 71
52 84
10 87
51 88
7 18
26 31
67 69
70 74
28 77
47 90
0 15
19 28
5 93
63 71
82 84
21 74
40 87
81 88
14 34
74 85
93 98
32 88
35 93
7 31
26 44
67 82
70 87
9 77
28 90
0 28
21 87
62 88
20 91
23 96
14 47
74 98
5772.51
9872.15
173.77
3392.92
5516.31
1758.10
9240.25
5892.16
5730.53
1896.66
6971.24
3392.64
4019.81
4281.41
4238.46
2516.45
6552.48
1737.87
8152.49
8524.00
7595.38
8434.87
7650.64
1544.19
2074.76
7008.43
5235.33
8309.91
4793.74
2787.80
784.74
5091.76
9276.48
2075.00
3073.71
4056.13
4004.75
4775.79
8350.23
8238.84
9891.91
8135.78
421.54
9450.64
1211.93
7109.22
9668.31
2665.42
5518.62
7061.22
2783.91
7245.40
4793.48
373.72
6321.67
5921.93
7292.81
7218.00
4761.55
6992.93
8377.20
6544.81
640.51
2783.98
7775.22
2285.18
4151.87
510.84
3691.24
5753.87
4037.84
1797.78
3746.25
4669.06
523.80
9440.90
5655.60
752.59
4141.66
5729.33
4160.33
3909.89
6775.96
5298.66
9.24
7254.44
8530.89
4503.33
9541.63
9299.54
8769.47
8812.32
3990.61
2942.63
1208.75
406.59
8908.25
2387.35
3448.83
1115.83
