100 1261
24 97
55 84
28 67
6 48
11 14
17 94
58 95
50 91
41 42
33 38
39 81
74 75
32 78
51 91
43 87
35 83
96 99
88 95
46 98
9 67
54 74
20 81
25 47
39 94
23 86
66 84
16 83
6 38
11 89
39 71
62 91
54 87
16 60
17 25
6 15
38 84
58 62
29 35
6 51
39 48
30 79
73 77
23 76
13 68
4 99
76 87
68 83
88 98
26 86
58 75
0 70
31 57
23 89
35 63
1 70
38 74
8 51
19 60
8 87
60 97
11 92
52 93
64 67
5 17
46 55
37 86
28 37
68 73
26 76
27 41
6 18
38 87
20 38
60 74
11 69
30 82
23 43
83 94
75 90
24 44
37 99
49 73
15 80
0 37
21 96
33 70
22 60
1 37
37 76
56 89
18 62
50 51
82 83
19 63
52 60
33 83
34 48
25 79
72 74
85 93
56 66
18 39
78 90
70 86
7 66
0 27
18 75
30 49
41 64
12 37
44 69
25 92
15 47
55 83
48 80
0 40
44 46
10 53
41 77
44 82
37 43
51 90
3 50
70 76
36 83
47 92
8 21
48 57
19 30
5 95
6 60
60 67
33 50
2 62
14 36
74 87
13 77
32 90
35 95
17 83
9 79
10 43
23 98
1 79
13 90
18 19
36 73
55 86
28 69
5 85
9 92
10 20
42 89
21 66
41 44
73 76
25 36
3 17
22 30
54 99
14 26
66 73
24 76
43 89
47 59
38 96
77 87
28 82
21 43
2 29
73 89
76 99
47 72
26 98
5 75
58 87
69 96
61 92
19 95
20 60
23 65
3 7
20 96
12 92
16 62
28 36
47 49
6 17
38 86
9 59
29 37
2 19
0 95
32 47
72 83
51 60
24 43
34 93
37 98
16 75
17 40
9 36
28 49
6 30
18 84
58 77
50 73
31 59
13 47
72 96
24 56
16 52
14 91
68 98
42 46
20 27
23 32
2 9
8 89
13 24
4 55
64 69
34 83
53 96
57 66
3 95
68 75
6 20
90 99
42 59
31 49
83 96
75 92
25 91
64 82
16 42
56 78
3 72
22 85
34 96
5 32
18 51
7 78
8 43
27 56
0 39
18 87
30 61
63 95
60 89
12 49
25 68
52 85
22 62
1 39
14 58
34 73
9 16
22 98
11 25
71 76
0 52
60 66
44 58
10 65
74 86
93 99
56 68
7 32
18 41
28 91
8 33
40 65
6 72
71 89
2 74
14 48
37 68
24 98
3 75
67 96
0 6
59 92
9 91
41 43
10 55
2 51
22 29
34 40
74 76
3 52
43 88
35 84
15 26
26 35
67 73
70 78
89 91
55 98
0 19
6 62
21 78
41 56
52 65
10 68
77 99
48 72
40 68
10 45
3 6
62 92
54 88
4 87
51 82
43 78
1 81
36 75
5 87
50 95
62 69
33 42
44 51
23 77
51 59
74 79
35 87
28 48
6 29
21 45
80 94
27 88
6 65
39 98
4 77
72 95
35 64
36 65
49 84
28 61
15 91
5 77
58 89
42 81
43 45
53 95
45 91
16 64
9 25
88 89
49 97
77 79
69 75
21 35
8 65
39 52
30 83
2 21
83 95
75 91
54 68
41 98
72 85
23 80
43 58
35 54
9 38
68 87
15 81
26 90
30 60
50 75
8 78
11 83
12 48
4 44
23 57
13 49
5 8
64 94
3 84
49 51
6 9
49 87
50 52
19 64
31 38
23 34
2 11
75 81
1 15
13 26
53 62
4 57
32 39
64 71
16 31
1 51
87 91
34 85
53 98
5 21
46 59
37 90
38 55
86 95
57 68
68 77
15 71
26 80
18 76
19 41
42 61
11 73
23 47
1 28
45 71
22 87
15 48
26 57
48 81
27 58
18 89
4 11
63 97
52 87
25 70
37 44
10 90
16 21
46 49
37 80
78 81
49 54
14 96
8 22
27 35
90 91
63 74
40 90
20 32
4 24
10 67
22 41
56 70
3 64
14 73
59 81
78 94
11 40
29 94
21 90
41 68
14 50
47 83
11 17
63 64
9 93
48 84
40 80
41 45
6 87
10 57
74 78
85 87
51 94
55 64
47 60
26 37
17 74
36 87
28 83
48 61
62 81
41 58
44 63
31 93
3 31
43 67
17 51
50 84
21 57
10 47
2 43
54 90
14 17
13 58
43 80
36 41
47 50
16 99
36 77
9 60
50 97
42 93
73 80
20 74
3 21
35 53
35 89
36 54
55 67
6 31
10 37
2 33
20 87
13 48
23 92
16 53
38 77
57 90
28 63
2 10
8 90
12 60
43 47
5 20
50 64
80 86
27 80
20 41
83 97
75 93
13 38
32 51
23 82
22 86
1 63
46 71
49 76
18 88
30 62
0 76
19 89
11 85
12 50
52 86
34 74
53 87
45 83
5 10
64 96
37 79
9 17
28 30
14 95
6 11
50 54
8 57
48 93
12 27
75 83
94 96
41 90
1 17
25 82
45 60
5 23
37 92
78 93
57 70
49 66
15 73
27 47
19 43
79 94
71 90
63 86
0 66
11 75
52 76
10 79
75 96
1 30
33 99
34 64
64 86
37 69
22 89
18 55
8 47
0 43
20 21
1 7
33 76
37 46
14 62
46 51
38 47
55 99
8 24
29 83
21 79
41 57
60 70
22 43
74 90
25 85
15 40
7 36
26 49
67 87
18 45
70 92
29 60
21 56
0 33
11 42
33 66
10 82
51 83
22 56
16 98
17 63
7 49
8 14
47 85
0 10
30 32
9 95
33 43
6 89
25 39
10 59
2 55
37 49
51 96
24 79
3 56
35 88
1 95
67 77
77 90
21 46
40 59
6 66
81 96
39 99
1 72
17 53
47 75
5 78
9 85
21 59
31 72
2 45
3 10
62 96
14 19
35 78
55 56
1 85
59 63
28 75
21 36
61 72
27 79
6 56
2 22
81 86
12 72
4 68
51 63
14 32
24 82
5 68
58 80
21 49
19 88
20 53
11 84
39 66
20 89
23 94
16 55
28 29
1 75
65 96
27 69
30 74
50 89
8 92
54 59
20 66
39 79
52 98
4 58
24 36
35 45
53 99
16 68
57 69
3 98
9 29
49 65
68 78
15 72
6 23
18 77
69 79
0 65
11 74
23 48
83 99
75 95
12 75
4 71
45 72
35 58
34 99
5 35
46 73
49 78
68 91
8 46
26 94
19 55
11 51
23 25
8 82
13 17
31 65
10 91
64 98
57 59
15 62
19 32
30 41
7 94
20 33
60 69
23 38
75 85
34 53
4 61
64 75
56 71
14 74
34 89
38 59
49 68
7 71
0 32
18 80
19 45
11 41
71 92
63 88
29 95
41 69
33 65
52 78
53 79
45 75
56 84
22 91
15 52
26 61
29 72
41 46
12 19
4 15
23 28
53 56
85 88
64 65
51 95
22 68
14 64
38 49
89 94
48 62
30 44
63 78
48 98
81 95
2 67
3 32
34 56
66 88
14 77
55 78
59 85
78 98
70 94
0 35
40 71
33 68
20 98
25 64
3 45
14 54
7 15
18 24
36 78
9 97
21 71
81 85
44 54
51 62
66 78
51 98
35 90
15 32
7 28
48 65
25 54
31 97
3 35
16 90
28 64
10 15
21 61
39 78
2 47
22 25
54 94
43 84
35 80
76 81
55 58
6 22
38 91
17 68
58 69
9 64
19 77
39 55
2 24
62 75
20 78
13 39
84 99
1 64
34 98
46 72
57 81
36 58
28 54
68 90
8 81
0 77
19 90
31 64
2 37
4 83
45 84
64 97
56 93
46 85
6 12
65 98
50 55
61 64
27 71
11 63
42 87
4 60
24 38
84 89
34 88
38 58
58 72
50 68
8 71
30 89
23 50
1 31
25 96
24 51
37 70
64 87
14 86
67 98
38 71
57 84
19 57
20 22
23 27
41 81
12 54
4 50
5 14
46 52
86 88
56 96
3 90
15 64
26 73
18 69
79 85
71 81
90 94
82 90
0 57
60 71
12 31
23 40
41 94
37 60
15 41
67 88
59 84
38 61
28 96
27 51
21 93
52 80
25 63
4 40
22 57
3 80
55 90
26 63
0 11
18 59
63 67
41 48
41 84
1 11
33 80
34 45
2 92
86 91
89 96
36 90
6 67
10 73
3 34
24 93
36 67
55 80
0 1
18 49
5 79
70 96
40 73
25 30
2 46
54 93
34 35
3 47
7 17
67 68
18 26
59 64
28 76
47 89
48 54
21 37
5 92
21 73
81 87
33 47
39 90
31 86
10 63
2 59
24 83
1 99
47 66
6 34
77 94
28 89
69 90
10 40
20 90
13 51
4 82
3 37
57 93
21 27
10 17
20 67
11 98
39 80
14 23
95 97
13 64
4 95
24 73
35 82
36 47
28 43
88 94
5 59
50 67
21 40
10 30
2 26
62 77
54 73
72 90
24 50
1 66
17 47
76 96
26 95
42 76
27 96
0 79
23 62
1 43
4 85
45 86
24 63
57 60
26 72
58 61
69 70
15 99
21 30
27 73
0 56
19 69
20 34
11 65
39 47
41 93
13 31
4 62
32 44
23 75
43 53
16 36
22 79
1 56
45 99
15 76
26 85
27 50
19 46
79 97
71 93
50 70
63 89
0 69
11 78
39 60
4 39
34 67
45 76
9 10
15 53
5 39
18 58
42 43
7 85
27 63
31 33
1 10
33 79
45 89
37 85
65 67
97 99
49 59
68 72
47 98
11 32
71 83
82 92
29 86
20 37
60 73
11 68
12 33
44 65
37 62
56 75
7 39
26 52
67 90
59 86
38 63
28 98
40 72
14 55
15 20
13 96
37 75
38 40
21 72
41 50
10 62
1 13
33 82
66 79
51 99
56 65
43 95
1 98
18 38
70 85
36 92
28 88
11 35
29 89
41 63
52 72
25 55
44 68
51 76
74 96
32 99
59 89
58 93
44 45
22 26
54 95
14 22
66 69
88 93
28 78
0 16
40 52
80 88
6 59
81 89
33 49
39 92
51 66
3 26
22 39
35 94
55 72
58 83
62 89
23 97
16 58
58 60
49 91
15 98
61 65
40 42
6 49
58 96
10 19
42 88
54 62
73 75
31 78
24 39
3 16
84 90
14 25
95 99
1 55
4 97
45 98
17 36
76 85
68 81
47 58
50 69
61 78
27 85
23 87
64 88
1 68
76 98
49 81
19 94
39 72
13 20
16 25
45 88
57 62
49 58
28 35
68 71
15 65
46 89
6 16
58 63
8 62
30 80
83 92
12 68
4 64
45 65
24 42
35 51
5 28
46 66
9 35
68 84
8 39
42 68
0 71
41 72
11 80
23 54
53 82
37 74
9 12
26 64
27 29
18 60
59 98
38 75
42 45
40 84
20 26
60 62
1 12
34 46
13 23
25 77
93 95
45 55
10 97
56 64
16 28
3 58
14 67
57 65
49 61
89 97
36 91
15 68
11 34
82 94
40 97
52 71
4 31
23 44
37 64
17 91
6 81
4 8
1 2
52 84
37 41
13 98
38 42
55 94
48 55
5 93
30 37
21 74
41 52
60 65
33 48
52 61
25 44
4 21
14 34
32 88
37 54
26 44
17 81
36 94
28 90
48 68
6 71
41 65
10 77
51 78
2 73
3 38
43 74
5014.17
6595.37
9552.00
5276.11
7134.10
3117.32
3592.40
4436.15
7093.51
8655.78
7517.99
4945.71
911.89
4616.04
4225.23
7541.53
6149.84
6423.88
8400.23
1820.30
6717.61
6726.86
742.12
8280.15
7236.19
1842.28
2980.52
4651.12
8085.98
6553.80
1707.88
4441.97
4111.78
2615.77
4351.05
2657.91
7364.06
591.27
5298.82
4666.09
9570.02
4810.07
2344.32
3528.39
4131.54
2104.77
2909.91
8258.37
3545.74
2927.34
1575.94
2430.03
3131.89
3022.77
42.88
2764.37
5384.93
8708.60
3610.52
6311.58
2504.38
3561.95
6538.17
3587.63
3831.63
5333.66
8900.58
6716.14
6518.77
2591.53
6151.65
8022.73
9147.73
9885.87
9472.23
9383.96
3672.50
658.88
3412.66
8361.24
3640.62
1534.16
993.28
9348.82
1320.19
9634.86
5842.60
3493.99
7481.13
9507.94
8442.34
7510.26
3639.85
3604.48
5739.94
9578.75
4978.19
9242.04
3688.47
9306.80
