250 7863
165 216
123 219
81 222
53 160
139 163
180 201
97 166
14 168
160 222
41 42
132 160
151 173
30 112
35 227
2 50
48 166
20 104
92 209
4 96
9 211
83 160
36 48
187 217
13 101
44 168
136 171
39 238
92 101
138 217
173 174
30 125
16 227
76 241
103 115
48 179
175 220
1 67
87 107
166 171
152 236
45 110
105 161
143 187
27 241
66 169
38 107
84 223
103 236
101 126
106 241
4 230
205 220
243 246
110 131
55 195
182 236
154 174
173 187
84 115
29 179
235 247
87 120
18 249
45 123
91 239
3 126
108 179
8 241
168 193
228 244
66 182
85 195
126 196
38 120
24 185
84 236
170 239
1 201
40 129
45 244
31 80
58 183
80 201
52 139
38 241
65 78
10 142
109 121
73 198
86 137
31 201
158 242
58 75
42 67
209 244
47 145
88 183
107 196
0 70
19 83
63 126
183 191
21 129
100 193
246 247
77 209
61 201
19 204
65 91
54 198
26 99
12 201
53 202
72 215
46 199
13 22
32 35
183 204
62 143
7 207
81 156
144 212
37 86
102 215
28 37
32 156
51 169
30 46
16 148
197 223
7 99
139 218
20 38
37 207
111 156
23 43
190 220
28 158
148 223
146 150
5 174
46 212
104 153
145 154
97 113
102 228
14 115
55 116
41 218
60 231
25 210
99 159
30 59
16 161
29 100
120 218
20 51
37 220
212 221
23 56
27 175
11 167
44 115
85 116
90 231
48 234
208 223
87 162
64 178
138 164
50 51
55 129
108 221
25 223
99 172
85 237
159 223
57 175
2 239
76 188
161 232
1 14
152 183
64 70
17 224
91 173
110 186
215 239
173 242
71 231
24 119
84 170
29 234
115 237
1 135
106 188
45 178
119 127
105 229
17 116
182 183
80 135
66 237
112 124
184 229
115 129
15 191
73 132
100 235
133 183
12 122
17 237
195 243
0 4
112 245
126 143
65 133
230 237
21 63
147 202
119 140
77 143
22 207
149 248
61 135
33 73
165 192
184 242
142 245
67 71
70 76
28 79
46 133
51 211
128 202
169 203
21 76
86 205
39 93
58 143
125 133
61 148
60 152
104 195
7 33
34 136
72 162
158 202
70 89
74 208
93 221
192 200
169 216
62 90
81 103
134 195
153 208
20 93
70 210
23 98
5 229
13 90
44 157
117 147
62 211
120 152
139 165
37 154
23 219
138 206
50 93
69 106
14 170
41 44
27 109
44 49
71 152
76 230
48 168
20 106
106 109
6 171
4 98
23 111
83 162
55 63
27 230
187 219
25 157
30 235
62 224
136 173
29 47
122 238
106 230
18 117
23 232
55 184
96 222
113 162
57 230
131 179
217 219
194 235
106 122
4 111
105 163
50 227
124 176
3 115
27 243
25 170
66 171
186 236
103 238
18 130
119 182
110 133
22 249
33 115
38 230
15 246
105 176
58 64
3 128
8 243
149 182
209 233
228 246
186 249
43 200
170 241
142 179
128 244
161 192
75 125
116 126
176 177
121 241
19 193
52 141
5 29
216 249
109 123
114 201
67 126
12 190
75 246
47 147
167 249
26 209
141 196
144 201
135 152
176 190
14 91
74 142
32 145
51 158
35 150
114 214
39 40
111 145
23 32
129 199
104 142
49 206
68 219
21 144
81 158
39 161
144 214
37 88
97 102
102 217
60 220
32 158
44 212
159 199
30 48
90 99
35 163
136 215
134 142
34 204
53 217
139 220
6 105
111 158
4 32
9 147
69 161
113 204
132 217
25 91
20 161
185 228
78 102
138 153
99 161
44 225
219 226
4 45
212 223
55 239
22 62
25 104
85 118
30 182
71 220
38 43
84 159
29 223
122 185
208 225
15 59
87 164
106 177
59 102
64 180
124 231
210 234
17 105
143 244
96 169
127 236
85 239
200 226
112 113
57 177
76 190
117 228
222 244
115 118
152 185
105 110
17 226
196 228
173 244
52 183
85 131
112 234
38 56
147 191
100 116
45 180
119 129
64 193
210 247
22 196
182 185
121 175
140 188
181 189
33 62
200 239
52 75
115 131
54 121
174 186
193 199
12 124
31 137
17 239
58 240
195 245
112 247
10 199
230 239
128 191
26 143
100 129
86 194
3 196
88 240
47 202
162 189
0 127
54 134
7 22
174 199
67 73
53 138
9 68
88 132
49 140
150 192
169 205
81 92
67 194
172 210
213 248
47 215
60 154
13 79
104 197
35 97
136 149
34 138
56 156
129 146
51 226
169 218
134 197
39 108
70 212
83 151
28 215
143 165
14 51
41 154
187 208
44 159
16 97
122 227
48 49
34 151
97 170
157 221
50 95
14 172
55 173
96 211
113 151
25 38
90 167
29 157
103 106
194 224
87 98
20 108
6 173
4 100
23 113
9 215
85 173
76 124
20 229
161 168
23 234
64 235
138 221
96 224
8 111
94 114
11 116
131 181
76 245
84 106
29 170
103 119
175 224
152 240
64 127
50 229
124 178
36 65
27 245
168 184
228 235
126 187
24 176
98 125
84 227
10 12
82 117
161 181
54 55
221 232
59 170
4 234
224 237
163 227
3 9
121 230
112 181
24 68
54 176
73 189
91 243
177 246
89 133
168 197
80 84
33 238
66 186
126 200
10 25
63 117
101 143
87 245
128 246
116 128
121 243
74 131
46 69
65 82
137 187
156 200
54 189
95 190
128 138
67 128
12 192
130 184
116 249
61 84
0 74
49 195
68 208
202 208
67 249
34 72
72 98
37 77
42 192
9 15
176 192
0 195
5 44
32 147
51 160
35 152
114 216
26 103
39 42
171 198
190 211
83 85
148 214
2 96
81 160
26 224
125 203
56 103
55 107
96 145
44 214
118 163
90 101
153 157
139 222
20 42
6 107
111 160
27 166
132 219
25 93
85 107
122 174
208 214
106 166
59 91
4 155
143 233
36 107
96 158
41 222
27 58
44 227
85 228
159 214
30 63
16 165
57 166
71 101
76 179
139 235
133 161
212 225
69 176
110 177
196 217
27 179
11 171
145 171
43 123
115 228
45 169
105 220
36 120
25 227
121 164
33 51
200 228
219 241
38 166
57 179
98 180
222 246
18 187
119 239
91 177
22 77
8 179
108 117
126 134
131 249
10 188
170 177
189 190
54 231
128 180
100 118
31 247
17 120
22 198
149 239
121 177
161 249
40 188
73 136
100 239
31 139
75 182
94 195
33 185
52 198
167 185
65 137
49 129
54 244
147 206
40 80
67 183
100 131
3 198
89 201
130 239
42 126
61 139
0 129
19 142
46 245
225 247
32 81
123 199
114 150
72 153
130 131
42 247
14 148
151 153
49 142
35 207
68 155
109 193
21 80
7 145
86 209
70 201
9 191
83 140
28 204
102 153
146 196
247 248
123 212
35 99
62 202
136 151
7 37
139 156
69 97
160 215
113 140
118 218
51 228
150 207
134 199
92 202
28 217
127 159
187 210
44 161
30 226
104 212
164 226
2 164
81 228
122 229
6 54
23 223
50 97
69 110
55 175
96 213
160 228
25 40
11 105
71 156
131 170
48 172
194 226
87 100
4 102
124 167
69 231
55 67
25 161
99 110
11 226
2 177
84 216
122 242
120 169
20 231
59 159
119 173
205 213
55 188
96 226
75 103
57 234
15 237
45 116
91 232
22 132
108 172
66 175
126 189
43 191
84 229
10 14
87 234
54 57
147 248
119 186
12 60
31 73
94 129
80 194
33 119
38 234
112 183
10 135
115 188
156 189
68 76
73 191
114 192
26 79
67 117
86 130
31 194
3 132
89 135
121 124
107 189
0 63
126 202
24 191
128 248
100 186
12 73
72 87
204 243
56 79
80 207
121 245
74 133
198 199
5 33
65 84
10 148
68 89
54 191
114 205
7 79
12 194
53 195
86 143
89 148
171 187
234 243
60 90
65 205
63 132
104 133
68 210
16 20
40 148
141 200
39 152
144 205
178 203
197 216
7 92
14 216
148 216
5 167
2 98
37 92
83 208
14 108
55 109
27 47
99 152
118 165
159 203
11 39
2 219
35 167
76 168
120 211
139 224
4 36
23 49
14 229
129 216
27 168
113 208
145 160
131 225
29 214
208 216
106 168
6 230
138 157
143 235
36 109
159 216
71 103
29 106
15 171
45 50
55 243
27 181
173 235
112 225
29 227
1 128
191 225
17 109
36 122
22 187
112 117
57 181
203 235
10 69
115 122
142 225
1 249
161 238
119 241
12 115
91 179
3 66
195 236
214 249
167 174
198 241
10 190
170 179
54 233
40 69
86 185
3 187
149 241
80 141
121 179
19 131
79 182
24 246
51 83
82 187
142 238
114 139
7 13
237 246
75 184
135 198
5 88
65 139
10 203
137 244
54 246
128 195
7 134
130 241
61 141
102 142
162 193
14 29
74 80
13 70
82 200
123 201
95 139
81 204
114 152
53 142
125 247
9 72
88 136
129 137
32 204
49 144
2 32
26 160
67 198
141 147
9 193
28 206
102 155
14 42
60 158
13 83
44 150
2 153
35 101
20 207
199 209
129 150
30 107
35 222
2 45
134 201
153 214
194 215
20 99
6 164
92 204
111 217
23 104
50 207
83 155
55 56
27 223
187 212
145 215
38 89
2 166
136 166
48 53
59 148
23 225
157 225
110 113
55 177
8 102
27 115
13 217
99 220
71 158
16 222
112 159
43 59
175 215
194 228
106 115
18 231
105 156
50 220
69 233
127 174
27 236
168 175
30 241
43 180
4 225
64 239
91 113
36 177
154 169
11 120
10 124
175 228
216 229
73 180
31 183
64 131
17 56
108 174
94 239
61 62
66 177
52 242
101 134
40 124
31 75
77 191
223 245
75 118
80 196
121 234
52 134
38 236
79 237
10 137
156 191
128 129
67 119
31 196
58 70
42 62
33 242
107 191
126 204
167 242
46 181
63 121
26 202
58 191
42 183
61 196
63 242
49 78
35 143
109 129
114 207
155 245
12 196
53 197
70 137
88 191
0 78
41 79
104 135
16 22
7 202
26 215
37 81
102 210
13 138
7 94
134 135
20 33
4 25
28 153
14 218
30 162
145 149
16 35
2 100
125 207
185 221
138 146
124 211
143 224
201 202
27 49
13 151
99 154
44 218
90 105
134 148
34 210
139 226
92 151
196 208
22 55
27 170
173 224
25 97
66 98
131 227
2 113
43 114
48 229
166 221
78 108
105 211
17 98
127 229
8 49
85 232
11 54
184 211
64 65
50 167
52 176
38 49
43 127
115 232
1 130
87 170
106 183
207 235
100 109
64 186
3 176
77 125
149 230
80 130
66 232
140 181
200 232
98 184
161 240
202 241
18 191
174 179
119 243
94 186
135 187
24 127
65 128
45 186
3 189
77 138
61 130
47 195
181 195
0 120
33 68
24 248
165 187
225 238
142 240
21 179
155 179
100 243
88 125
33 189
47 87
74 190
93 203
63 68
68 146
54 248
213 241
28 195
102 144
0 133
5 211
46 249
165 200
104 190
136 142
81 206
116 200
157 201
9 74
28 87
74 203
93 216
32 206
192 195
35 211
7 149
48 150
67 200
134 190
20 88
111 206
23 93
69 209
102 157
187 201
164 217
16 90
117 142
122 220
39 222
199 211
97 163
8 91
113 144
99 209
25 31
30 109
35 224
76 225
150 211
2 47
48 163
194 217
152 220
4 93
23 106
69 222
36 45
41 160
187 214
164 230
76 117
29 42
20 222
106 225
6 58
64 228
91 102
96 217
182 220
118 235
11 109
71 160
29 163
103 112
6 179
92 219
133 220
64 120
50 222
91 223
124 171
66 166
126 180
84 220
15 120
101 123
1 185
142 161
119 177
224 230
91 115
163 220
75 107
94 120
80 185
154 171
52 123
112 174
101 244
216 231
54 169
193 247
31 185
177 239
110 249
22 136
61 64
228 241
186 244
24 182
101 136
1 198
40 126
61 185
33 123
5 24
65 75
63 231
156 193
109 118
95 183
12 185
86 134
72 199
42 64
61 77
65 196
63 123
68 201
40 139
81 140
34 65
72 91
58 193
204 247
61 198
102 199
135 147
176 185
74 137
19 201
93 150
32 140
51 153
137 193
7 83
72 212
171 191
41 81
60 94
49 201
2 89
141 204
39 156
125 196
0 201
55 100
60 215
27 38
32 153
76 159
48 97
120 202
53 212
37 204
111 153
4 27
97 218
171 204
173 213
25 86
2 102
62 153
103 154
48 218
20 156
39 169
59 84
78 97
160 166
27 51
13 153
219 221
71 94
57 159
29 97
120 215
196 210
8 159
113 212
154 213
173 226
84 154
29 218
64 175
124 226
36 113
77 114
85 234
52 57
57 172
15 175
1 240
133 167
78 231
17 221
110 183
108 110
11 177
107 114
112 229
198 232
131 242
43 129
73 237
188 224
207 237
100 111
64 188
191 229
17 113
58 114
168 245
61 119
66 234
140 183
52 70
79 173
98 186
184 226
225 227
10 73
75 175
94 188
135 189
68 135
147 199
12 240
3 191
107 248
181 197
165 189
225 240
82 191
21 181
40 194
100 245
116 189
88 127
0 14
137 248
35 200
62 74
172 205
47 210
74 84
16 79
81 208
139 149
39 211
74 205
27 93
32 208
71 136
35 213
2 36
134 192
39 103
92 195
9 197
143 160
41 149
16 92
57 93
136 157
81 221
20 211
180 200
6 47
97 165
138 203
96 206
8 93
71 149
16 213
134 205
1 53
152 222
105 147
36 47
27 227
30 232
145 219
2 170
76 119
4 216
64 230
31 53
110 117
8 106
154 160
99 224
131 176
76 240
29 165
87 106
18 235
133 222
152 235
45 109
64 122
22 125
66 168
84 222
161 176
59 165
12 53
17 168
3 233
80 187
121 225
140 238
52 125
98 241
10 128
101 246
68 69
54 171
26 72
91 238
177 241
58 61
3 125
61 66
33 233
52 246
126 195
167 233
186 246
24 184
101 138
1 200
109 228
21 115
54 63
141 180
58 182
77 195
116 123
80 200
19 190
165 244
63 233
68 82
21 236
155 236
67 123
158 241
89 141
75 243
190 193
28 131
0 69
19 82
65 198
192 239
63 125
72 93
125 185
42 187
102 201
74 139
93 152
46 77
104 247
137 195
197 209
49 82
95 198
7 85
53 201
56 206
41 83
122 156
20 145
125 198
185 212
37 85
23 150
83 201
41 204
8 27
99 145
44 209
90 96
35 160
76 161
29 86
34 201
6 102
4 29
97 220
69 158
129 209
164 166
29 207
166 212
185 225
17 89
36 102
96 153
41 217
85 223
159 209
219 223
30 58
203 215
222 228
15 164
59 207
78 220
50 158
91 159
196 212
22 59
94 164
27 174
112 218
103 169
6 236
45 164
64 177
25 222
57 174
10 62
15 177
101 180
142 218
18 182
36 236
110 185
94 177
154 228
66 115
24 118
65 119
115 236
147 188
188 226
100 113
45 177
119 126
210 244
22 193
10 75
63 167
54 118
12 121
72 135
135 191
176 229
195 242
88 116
107 129
19 245
167 180
179 234
51 197
137 237
170 185
49 124
68 137
21 62
67 178
12 242
102 135
88 237
146 178
63 180
123 194
81 197
155 183
7 19
67 70
70 75
56 140
88 129
220 248
46 132
109 188
67 191
153 194
213 245
20 79
23 84
28 199
60 151
146 191
165 204
13 76
32 89
44 143
123 207
16 81
117 133
34 135
120 138
180 189
13 197
32 210
118 213
76 216
2 38
62 89
48 154
194 208
50 200
83 148
187 205
25 143
44 156
104 207
62 210
103 211
120 151
20 213
106 216
180 202
4 205
50 92
69 105
160 223
113 148
175 208
133 211
124 162
110 227
36 49
8 216
27 229
25 156
66 157
85 170
145 221
38 95
2 172
103 224
15 111
161 165
45 219
91 106
182 224
94 111
57 229
10 117
115 170
73 173
133 224
105 162
75 219
168 181
209 219
66 170
11 234
52 235
186 235
38 108
98 122
43 186
170 227
189 240
119 181
77 184
22 248
61 176
5 15
10 130
137 171
73 186
114 187
155 225
12 176
58 63
70 117
0 58
79 122
63 114
68 192
100 181
72 82
58 184
70 238
116 125
19 192
165 246
65 79
123 249
197 198
49 71
35 136
109 122
67 125
53 190
72 203
70 130
89 143
9 120
42 68
0 71
46 187
44 77
104 128
49 192
68 205
53 82
125 187
56 87
42 189
102 203
0 192
74 141
32 144
159 185
16 136
95 200
180 244
92 131
151 216
44 90
104 141
16 28
81 157
134 249
34 82
20 147
39 160
4 139
102 216
36 91
60 219
8 29
99 147
178 211
57 150
136 214
134 141
120 206
139 219
78 209
50 147
55 225
27 163
11 155
30 168
71 206
145 155
84 145
29 209
48 222
87 150
106 163
78 101
23 165
17 91
143 230
22 169
96 155
85 225
184 204
117 214
29 101
73 107
55 238
94 166
11 168
85 117
71 219
112 220
87 163
106 176
147 177
188 215
100 102
105 217
80 123
121 161
126 239
79 164
43 241
203 230
18 184
114 121
31 123
91 174
3 61
135 180
88 105
33 169
107 118
65 121
10 185
68 126
1 136
100 115
58 118
42 110
66 238
162 175
24 241
165 180
142 233
12 123
177 190
75 179
176 231
33 182
198 249
137 239
49 126
54 241
169 191
86 193
232 247
70 185
89 198
130 236
0 126
74 75
225 244
104 183
49 247
123 196
40 198
155 185
7 21
37 129
116 193
28 80
160 199
113 124
13 186
132 137
16 191
49 139
90 140
169 204
7 142
172 209
125 134
60 153
187 194
44 145
164 210
76 97
81 212
122 213
199 204
6 38
37 142
23 207
56 155
138 194
157 207
9 80
129 145
118 215
11 89
76 218
29 143
48 156
20 94
92 199
23 99
124 151
69 215
143 164
8 205
127 156
44 158
30 223
164 223
180 204
91 95
8 97
27 110
11 102
30 115
131 167
76 231
43 54
15 221
92 212
45 100
105 151
36 51
66 159
85 172
30 236
24 162
57 110
84 213
98 111
15 113
142 154
147 232
18 118
45 221
12 44
36 172
77 173
22 237
75 100
80 178
121 216
84 105
175 223
54 162
110 242
22 129
94 234
168 183
209 221
228 234
52 237
167 224
79 111
98 124
10 240
43 188
84 226
63 103
142 167
147 245
100 170
12 57
17 172
223 240
121 229
51 133
156 186
109 111
177 245
70 119
89 132
28 122
88 173
33 237
46 176
79 124
65 189
170 242
123 130
109 232
67 235
141 184
144 189
162 243
14 79
179 183
165 248
32 133
137 186
35 138
12 191
111 133
47 148
148 200
234 240
5 151
132 192
151 205
68 207
150 246
62 133
81 146
26 210
141 197
23 141
14 92
30 36
197 213
35 151
53 205
6 93
39 41
92 133
111 146
97 211
138 249
171 197
50 136
14 213
113 192
44 92
85 93
62 146
20 149
138 141
96 144
127 211
60 221
13 146
44 213
11 36
16 151
117 203
29 90
15 155
34 205
120 208
134 143
133 147
78 211
97 224
69 162
196 203
55 227
113 205
154 206
11 157
85 106
145 157
90 221
122 173
87 152
66 214
200 214
38 152
57 165
203 219
15 168
101 171
120 221
1 4
3 50
8 165
52 171
73 230
58 107
3 171
80 125
38 165
24 230
184 219
82 171
202 236
40 174
114 123
155 161
77 241
3 63
80 246
88 107
214 246
126 133
170 176
156 241
68 128
130 225
162 177
19 128
79 179
142 235
35 72
202 249
174 187
195 246
74 185
179 238
65 136
51 201
169 193
21 66
67 182
70 187
130 238
162 190
0 128
60 142
5 206
46 244
165 195
136 137
37 131
157 196
28 82
69 83
132 139
151 152
51 214
30 91
150 193
2 29
7 144
34 247
172 211
213 249
39 96
125 136
60 155
206 209
13 80
25 134
44 147
76 99
62 201
34 139
37 144
69 96
8 86
118 217
11 91
76 220
48 158
4 88
105 140
124 153
127 158
145 212
57 99
2 163
15 102
18 107
4 209
59 145
64 223
17 148
182 215
11 104
52 105
57 220
103 107
194 225
1 59
87 99
193 229
45 102
64 115
91 218
94 223
11 225
186 226
98 113
43 177
82 105
142 156
161 169
59 158
12 46
31 59
75 102
94 115
121 218
33 105
10 121
115 174
15 236
156 175
235 239
133 228
89 121
130 159
0 49
10 242
1 193
21 108
53 60
77 188
89 242
163 228
223 242
61 180
74 119
5 19
63 226
51 135
156 188
216 239
54 177
114 191
155 229
12 180
158 234
70 121
116 237
42 59
47 137
65 191
109 234
39 138
70 242
146 237
5 32
63 239
104 240
155 242
241 245
7 78
53 194
72 207
158 247
37 186
69 138
14 202
148 202
41 76
49 196
26 212
78 79
229 248
41 197
60 210
44 202
35 153
117 192
53 207
180 248
20 30
37 199
4 22
69 151
55 216
129 202
113 194
2 97
48 213
59 79
78 92
64 157
138 143
124 208
96 146
85 216
159 202
38 141
139 223
59 200
92 148
152 162
97 226
91 152
36 216
110 165
3 39
8 154
173 221
11 159
131 224
24 98
103 162
115 216
210 224
108 213
121 152
33 39
219 229
59 213
31 114
91 165
80 235
154 221
195 222
214 235
33 160
10 176
1 127
54 219
188 219
100 106
86 171
105 221
89 176
80 127
43 245
142 224
202 238
40 176
100 227
12 114
158 168
77 243
75 170
176 222
46 112
170 178
128 181
26 133
31 248
172 187
232 238
190 241
47 192
88 230
162 179
0 117
146 171
79 181
165 184
65 246
32 69
51 82
49 238
123 187
183 238
21 176
141 241
53 128
72 141
58 243
61 248
9 58
28 71
88 122
74 187
179 240
220 241
5 87
51 203
150 182
95 246
7 133
172 200
20 72
39 85
171 241
129 244
74 79
60 144
46 246
123 200
35 87
136 139
139 144
39 206
37 133
157 198
69 85
160 203
159 244
35 208
150 195
2 31
34 249
39 98
206 211
25 136
247 249
104 200
117 139
180 195
39 219
37 146
78 147
23 211
36 150
99 206
25 28
30 106
57 209
43 45
1 48
87 88
4 90
143 168
127 160
85 163
30 227
145 214
38 88
98 102
122 230
18 109
23 224
31 48
17 150
91 99
163 204
22 228
29 160
18 230
133 217
152 230
193 231
64 117
91 220
17 42
209 212
66 163
38 101
84 217
170 220
59 160
45 225
12 48
31 61
163 217
223 231
75 104
61 169
121 220
181 234
101 241
235 241
73 179
18 243
155 218
31 182
177 236
70 110
135 239
168 187
33 228
52 241
126 190
19 64
65 180
63 107
109 223
128 236
21 110
147 249
3 241
77 190
144 180
56 67
42 169
61 182
47 247
33 120
32 124
137 177
109 115
21 231
114 193
171 175
28 126
88 177
60 78
5 142
46 180
123 134
68 198
150 237
21 123
7 188
141 188
204 244
83 183
102 196
14 83
0 185
60 199
104 242
35 142
95 193
241 247
7 80
72 209
9 126
69 140
148 204
104 134
90 199
62 137
7 201
122 151
125 193
185 207
4 132
9 247
83 196
102 209
8 22
159 191
11 27
71 78
90 91
136 207
34 196
6 97
4 24
110 154
129 204
27 156
11 148
90 212
2 99
48 215
122 164
15 38
166 207
59 81
64 159
138 145
124 210
17 84
140 154
159 204
200 205
38 143
57 156
2 220
76 169
161 213
73 100
6 110
152 164
196 207
215 220
22 54
94 159
154 210
66 97
85 110
131 226
115 218
73 221
188 208
207 221
45 159
210 226
17 97
108 215
127 228
168 229
140 167
126 232
10 57
54 100
135 173
154 223
24 113
65 114
156 232
68 119
109 157
128 170
188 221
45 172
89 178
163 164
80 129
66 231
24 234
114 127
174 178
158 170
58 232
75 172
135 186
176 224
28 60
88 111
107 124
179 229
239 243
51 192
169 184
7 122
67 173
58 124
190 243
28 181
162 181
107 245
19 132
146 173
65 248
51 84
123 189
183 240
40 191
155 178
7 14
158 183
116 186
176 237
28 73
69 74
51 205
90 133
95 248
2 20
26 148
171 243
23 79
9 181
47 207
14 30
41 133
146 186
44 138
123 202
35 89
136 141
125 248
9 73
14 151
55 152
160 205
27 90
132 143
32 205
62 84
194 203
111 205
23 92
41 146
145 203
117 141
136 154
15 93
59 136
23 213
97 162
50 87
96 203
16 210
24 34
48 162
194 216
133 206
152 219
124 157
17 31
108 149
145 216
186 217
98 104
43 168
142 147
106 224
4 213
78 162
119 163
64 227
163 206
154 157
140 222
98 225
24 47
10 112
1 63
54 155
87 103
174 220
86 107
31 171
108 162
8 224
11 229
79 104
84 219
170 222
161 173
147 238
100 163
119 176
205 216
77 179
163 219
61 171
46 48
101 243
216 230
54 168
114 182
26 69
12 171
177 238
70 112
5 131
46 169
79 117
10 246
211 236
40 125
81 126
86 241
70 233
144 182
204 233
102 185
162 236
93 136
51 139
123 244
95 182
155 233
67 120
12 184
56 190
116 241
9 115
0 66
132 185
44 72
104 123
150 239
7 190
34 64
70 246
226 234
9 236
102 198
0 187
60 201
118 142
21 246
241 249
139 201
180 239
111 139
56 203
69 142
129 193
60 93
13 247
13 18
44 85
62 139
48 204
20 142
4 134
78 83
9 249
143 212
55 99
96 137
8 24
118 155
117 196
92 139
4 26
110 156
8 145
11 150
85 99
71 201
122 166
59 83
78 96
124 212
210 215
36 99
85 220
200 207
2 222
184 199
29 96
73 102
133 153
152 166
31 105
17 207
196 209
3 43
75 148
173 225
84 153
115 220
73 223
40 46
207 223
31 226
64 174
58 100
108 217
140 169
33 43
52 56
79 159
24 223
101 177
142 215
18 179
119 231
47 62
179 218
68 121
109 159
67 162
191 228
47 183
121 169
79 172
65 237
51 73
114 129
155 167
141 232
53 119
158 172
177 185
77 247
56 124
88 113
0 229
33 177
239 245
10 193
197 248
54 236
95 237
26 137
12 239
67 175
39 76
28 183
162 183
107 247
0 121
60 135
46 237
13 60
35 78
7 16
53 132
39 197
72 145
56 137
157 189
14 140
113 119
62 73
48 138
34 240
153 191
37 245
111 194
83 132
129 248
14 32
60 148
5 212
146 188
13 73
104 191
164 205
117 130
122 208
208 248
180 186
138 189
69 89
55 154
160 207
27 92
25 248
132 145
30 97
16 199
76 213
48 151
134 191
124 146
17 20
27 213
164 218
117 143
29 30
64 216
97 164
138 202
182 208
38 200
76 226
84 87
194 218
1 52
133 208
45 95
105 146
110 224
108 151
8 213
66 154
85 167
126 168
189 224
161 162
18 113
59 151
100 152
64 229
22 232
182 221
75 95
94 108
98 227
24 49
115 167
101 232
216 219
133 221
45 108
168 178
209 216
52 232
19 55
24 170
189 237
68 176
87 226
101 124
128 227
142 162
147 240
100 165
45 229
31 65
58 168
163 221
204 222
61 173
181 238
79 227
10 127
137 168
101 245
95 171
40 235
12 173
86 122
31 186
75 229
149 178
135 243
52 245
148 182
10 248
104 112
109 227
125 171
89 248
37 58
162 238
60 190
146 230
7 71
34 174
37 179
70 127
171 179
88 181
148 195
234 235
32 249
151 200
49 189
7 192
26 205
67 243
122 142
37 71
23 136
102 200
143 201
229 241
55 88
41 190
8 13
13 128
118 144
197 208
16 133
238 246
48 85
120 190
20 23
111 141
56 205
171 192
41 82
173 201
90 203
217 244
29 193
62 141
6 209
166 198
59 72
23 149
41 203
99 144
118 157
11 31
38 134
71 82
57 147
76 160
29 85
48 98
120 203
18 155
152 155
97 219
50 144
154 201
84 142
103 155
1 107
140 158
219 222
38 147
101 166
1 228
91 158
75 150
66 101
112 217
198 220
131 230
1 120
128 161
147 174
45 163
210 230
3 166
108 219
149 220
80 120
66 222
121 158
19 110
24 225
101 179
1 241
100 220
158 161
176 215
195 228
33 166
10 182
156 236
130 220
149 233
47 185
88 223
19 123
146 164
165 177
49 231
82 179
68 244
53 121
72 134
158 174
56 126
61 241
28 64
74 180
32 183
156 249
109 174
150 175
7 126
67 177
172 193
39 78
56 247
130 233
23 70
83 121
88 236
0 123
132 242
13 62
44 129
104 180
123 193
34 121
53 134
125 239
97 140
138 178
157 191
9 64
69 78
0 244
27 81
113 121
132 134
30 86
134 180
153 193
39 91
23 83
28 198
27 202
60 150
13 75
57 81
62 196
81 209
122 210
120 137
39 212
6 35
97 153
50 78
99 199
118 212
16 201
131 151
48 153
194 207
124 148
69 212
17 22
110 213
22 100
66 143
85 156
145 207
164 220
87 202
20 212
78 153
23 217
75 84
94 97
140 213
115 156
152 223
64 110
105 148
17 35
8 215
52 221
126 170
167 208
98 108
43 172
84 210
103 223
189 226
142 151
64 231
91 105
22 234
223 224
121 213
79 216
82 221
15 231
54 159
31 175
3 113
94 231
167 221
65 173
10 237
82 113
147 242
100 167
45 231
141 168
56 60
223 237
121 226
181 240
0 165
19 178
93 127
63 221
49 57
54 172
95 173
67 111
116 232
74 235
65 186
211 240
109 229
67 232
172 248
72 81
125 173
144 186
37 60
116 124
74 127
146 232
123 248
48 74
72 202
199 243
92 117
171 181
9 119
28 132
69 133
14 197
113 176
5 148
7 194
153 248
39 146
96 128
41 192
8 15
13 130
44 197
159 184
104 248
11 20
30 33
35 148
76 149
117 187
34 189
6 90
37 194
50 133
27 149
25 76
85 90
30 154
131 206
217 246
15 31
106 149
6 211
18 36
78 87
143 216
41 205
127 208
25 197
99 146
85 211
120 205
152 157
36 211
55 224
173 216
24 93
84 144
103 157
15 44
87 149
6 224
147 163
18 49
17 90
77 104
127 221
80 109
121 147
140 160
24 214
101 168
142 206
54 93
73 106
18 170
17 211
47 53
66 103
214 230
198 222
156 225
109 150
73 227
21 37
31 230
58 104
77 117
22 181
33 47
82 168
142 219
54 106
114 120
12 109
77 238
75 165
195 230
88 104
33 168
107 117
19 233
93 182
46 107
137 225
128 176
40 63
70 171
149 235
42 109
88 225
107 238
148 239
5 190
13 51
151 244
63 168
123 182
16 56
183 233
35 69
34 110
158 176
56 128
9 53
102 244
28 66
176 230
14 131
74 182
220 236
239 249
172 195
39 80
28 187
102 136
14 23
41 126
5 203
132 244
32 77
21 184
7 249
34 123
20 188
37 128
138 180
9 66
55 145
41 247
74 195
13 185
90 139
35 203
2 26
134 182
153 195
20 80
6 145
171 249
9 187
113 244
85 145
30 209
145 196
38 70
50 80
55 158
13 198
118 214
30 101
16 203
57 204
15 207
18 212
45 86
64 99
17 24
27 217
25 144
186 210
189 215
87 204
59 142
45 207
64 220
31 43
91 94
94 99
133 212
105 150
17 37
22 115
75 207
149 156
52 223
19 46
186 223
101 115
128 218
161 166
100 156
45 220
205 209
17 158
58 159
163 212
22 236
223 226
80 177
121 215
101 236
67 100
12 164
86 113
193 239
75 220
149 169
42 43
88 159
33 223
5 124
10 239
109 218
147 244
26 183
141 170
12 56
56 62
42 164
181 242
51 132
137 172
68 72
109 110
95 175
174 239
26 75
67 113
72 191
130 169
42 56
135 247
28 121
129 173
132 178
65 188
49 180
150 232
169 245
21 118
81 132
185 189
56 75
42 177
83 178
162 242
0 180
41 181
13 119
32 132
63 236
178 186
16 124
62 240
136 189
7 75
34 178
53 191
139 194
111 132
9 121
148 199
27 138
25 65
192 242
71 181
16 245
90 194
150 245
122 146
20 135
39 148
4 127
37 75
55 92
41 194
96 130
187 248
159 186
30 35
16 137
2 202
136 202
29 76
48 89
34 191
120 194
22 36
25 78
71 194
131 208
48 210
15 33
23 153
22 157
96 143
66 200
99 148
85 213
38 138
2 215
161 208
18 159
78 210
119 211
17 200
3 36
8 151
154 205
131 221
43 108
29 210
115 213
147 165
207 216
64 167
3 157
77 106
85 226
98 165
82 157
101 170
1 232
142 208
161 221
202 222
135 168
88 93
24 108
65 109
68 114
109 152
100 103
12 219
191 221
3 170
79 165
165 168
51 66
82 170
1 245
100 224
144 230
42 219
135 181
33 170
198 237
49 114
109 165
7 117
12 232
172 184
39 69
89 186
130 224
190 238
47 189
148 241
5 192
225 232
51 79
7 238
7 9
227 241
39 190
144 243
37 117
93 197
178 241
16 179
35 192
150 179
95 243
67 181
53 246
39 82
23 74
41 128
60 141
164 198
76 85
62 187
117 123
81 200
120 128
166 244
37 130
69 82
0 248
96 185
131 142
6 147
111 200
152 201
4 74
50 190
69 203
196 244
25 133
71 249
117 136
15 88
120 141
20 203
4 195
23 208
17 134
50 82
36 147
8 85
99 203
71 141
112 142
57 206
24 29
29 144
15 209
175 198
1 45
6 160
133 201
45 88
94 209
145 211
24 150
84 201
101 104
1 166
106 219
18 106
45 209
64 222
3 212
77 161
182 214
75 88
80 166
38 206
112 155
24 42
115 160
101 225
193 228
3 104
89 107
75 209
94 222
19 48
186 225
63 91
189 230
82 104
101 117
77 174
22 238
80 179
52 117
51 121
40 228
114 177
26 64
31 179
177 233
149 171
107 174
148 175
60 62
5 126
10 241
170 230
211 231
109 220
21 107
172 239
144 177
42 166
28 231
61 179
74 118
146 223
5 18
63 225
21 228
114 190
67 115
53 180
199 234
70 120
111 121
116 236
135 249
5 139
46 177
151 193
2 70
62 121
26 198
111 242
185 191
56 77
28 244
102 193
14 80
32 134
118 137
197 201
16 126
21 241
139 196
111 134
56 198
9 123
14 201
27 140
13 242
233 245
90 196
122 148
166 191
59 65
4 129
226 242
9 244
41 196
127 199
13 134
99 137
159 188
11 24
30 37
71 75
136 204
180 247
133 135
78 199
4 21
66 81
85 94
112 197
84 135
103 148
122 161
87 140
6 215
18 40
17 81
77 95
66 202
38 140
142 197
18 161
110 164
84 148
87 153
207 218
31 221
105 207
3 159
149 213
168 226
80 113
140 164
100 213
119 226
58 216
77 229
61 221
94 169
80 234
135 170
195 221
33 159
52 172
73 231
114 232
188 218
26 119
31 234
61 113
24 231
65 232
51 68
95 111
141 227
72 127
42 221
135 183
80 247
176 221
0 224
33 172
74 173
179 226
239 240
46 111
156 242
197 243
68 129
21 54
213 224
72 248
42 113
83 114
65 245
13 55
49 237
123 186
144 245
6 15
56 132
97 133
116 183
14 135
160 189
220 240
27 74
118 192
62 68
7 132
48 133
213 237
9 178
83 127
129 243
25 122
44 135
145 187
164 200
2 138
76 87
136 138
208 243
34 127
37 132
78 133
97 146
36 136
160 202
201 240
113 127
13 189
117 246
34 248
194 200
111 202
152 203
23 89
64 90
124 141
196 246
108 133
187 197
57 87
2 151
84 190
87 195
4 197
119 147
17 136
8 87
112 144
184 249
76 221
29 146
194 213
50 205
91 206
110 219
22 106
167 201
103 216
64 224
31 47
58 150
77 163
140 219
38 208
79 209
82 214
174 217
193 230
31 168
3 106
209 211
52 227
126 176
186 227
10 230
170 219
82 106
68 171
101 119
109 209
40 109
100 160
45 224
86 225
141 161
3 227
42 155
61 168
80 181
33 106
165 225
10 122
156 176
21 217
155 217
72 182
218 236
47 125
0 50
93 241
19 63
5 128
46 166
65 179
10 243
151 182
68 184
86 238
34 48
125 166
89 243
37 53
83 169
116 117
102 182
181 246
74 120
60 185
146 225
95 179
34 169
139 185
37 174
111 123
56 187
28 125
69 126
14 190
148 190
32 244
192 233
49 184
123 133
2 72
7 187
134 228
20 126
125 179
111 244
9 233
83 182
102 195
60 198
32 136
118 139
159 177
16 128
76 142
62 244
136 193
34 182
6 83
69 139
55 204
96 242
132 195
44 82
30 147
43 86
103 137
122 150
166 193
18 29
59 67
78 80
23 144
185 206
50 247
226 244
229 249
55 96
118 152
117 193
18 150
97 214
55 217
22 40
94 145
154 196
173 209
112 199
131 212
87 142
147 156
188 194
18 42
124 209
22 161
108 201
80 102
85 217
200 204
57 155
184 196
203 209
54 86
12 89
110 166
214 223
66 96
52 161
112 212
24 99
54 207
128 156
188 207
191 212
210 225
3 161
77 110
22 174
149 215
42 89
61 102
80 115
140 166
98 169
10 56
51 57
63 148
82 161
183 213
116 159
61 223
135 172
195 223
33 161
93 175
10 177
51 178
137 218
49 105
54 220
114 234
7 108
26 121
67 159
86 172
31 236
70 164
130 215
42 102
28 167
47 180
79 169
32 57
49 226
82 174
183 226
40 177
114 126
155 164
34 103
72 129
144 234
37 108
56 121
9 46
176 223
14 124
179 228
5 75
90 119
35 183
109 169
95 234
2 6
169 183
39 73
171 229
28 180
88 231
129 232
0 118
46 234
32 70
44 124
104 175
49 239
35 75
21 177
208 232
141 242
53 129
39 194
56 134
42 236
83 237
9 59
50 60
27 76
113 116
178 245
29 122
48 135
20 73
39 86
37 242
171 242
23 78
9 180
50 181
129 245
215 248
41 132
27 197
30 202
71 240
104 188
103 192
136 140
20 194
106 197
139 145
6 30
4 186
23 199
157 199
55 151
11 81
16 196
131 146
134 188
1 36
45 79
64 92
108 135
230 246
122 218
4 199
78 148
119 149
31 36
17 138
96 202
182 205
75 79
140 208
52 95
112 146
15 213
101 216
91 208
22 108
8 210
75 200
11 215
167 203
43 167
84 205
142 146
87 210
128 211
40 98
45 213
17 151
61 157
93 109
114 168
86 106
177 224
149 162
135 227
126 178
167 216
19 52
26 176
144 168
42 157
47 235
80 183
0 160
46 47
32 112
82 229
156 178
114 181
158 224
218 238
89 124
9 101
135 240
32 233
65 181
51 246
104 109
150 225
62 112
141 176
86 240
34 50
172 243
70 232
144 181
89 245
204 232
83 171
74 122
63 229
51 138
118 128
123 243
159 166
62 233
81 246
7 68
139 187
39 249
72 197
6 72
9 114
160 246
41 66
27 131
113 171
118 249
151 197
44 71
16 238
2 74
134 230
34 63
111 246
23 133
83 184
36 72
96 123
8 10
44 192
118 141
16 130
2 195
76 144
117 182
120 187
6 85
22 29
8 131
27 144
25 71
233 249
90 200
131 201
15 26
20 141
106 144
92 246
18 31
59 69
78 82
226 246
64 147
50 249
108 190
41 200
44 205
11 28
2 208
43 209
18 152
91 142
8 144
84 139
1 104
87 144
188 196
17 85
168 217
80 104
85 219
126 220
79 145
184 198
10 45
1 225
54 88
119 217
31 104
77 220
3 42
75 147
135 161
47 48
198 217
24 101
156 220
128 158
73 222
147 171
12 212
31 225
47 169
107 220
51 59
68 228
100 217
53 105
72 118
77 233
42 212
61 225
33 163
179 217
46 102
65 115
137 220
49 107
95 223
169 172
39 62
83 105
88 220
148 234
151 239
141 231
34 105
53 118
42 225
9 48
28 61
14 126
0 228
239 244
13 167
46 115
35 185
2 8
114 249
7 123
53 239
172 190
56 244
28 182
129 234
132 239
13 59
25 113
32 72
2 129
227 247
34 118
120 121
125 236
144 249
138 175
157 188
9 61
55 140
16 185
90 134
48 137
134 177
4 67
212 245
9 182
25 126
44 139
2 142
103 194
208 247
15 81
4 188
78 137
64 202
55 153
182 194
99 196
118 209
159 247
11 83
57 199
131 148
194 204
6 153
105 132
50 196
110 210
3 84
22 97
11 204
30 217
145 204
38 78
57 91
189 210
230 248
106 212
100 138
64 215
22 218
80 159
121 197
52 97
38 199
57 212
45 94
75 202
149 151
94 215
33 205
66 153
52 218
107 154
126 167
63 84
119 164
12 38
3 218
22 231
204 208
10 113
82 218
54 156
7 44
28 103
107 167
19 54
170 223
68 175
21 100
81 114
141 165
34 39
58 167
89 234
93 124
46 49
137 167
21 221
53 173
218 240
111 114
56 178
135 242
148 181
60 68
104 111
49 175
35 240
2 63
7 178
153 232
34 52
111 235
144 183
83 173
41 176
74 124
60 189
32 127
118 130
104 232
178 181
164 246
81 248
29 58
139 189
199 240
111 127
56 191
157 243
9 116
192 237
44 73
104 124
62 127
122 141
166 184
245 248
50 238
124 187
143 200
36 74
96 125
99 130
159 181
103 249
136 197
29 71
15 136
48 84
120 189
92 127
50 130
110 144
173 200
66 74
85 87
71 189
48 205
6 208
92 248
4 135
124 200
17 74
66 195
11 30
57 146
2 210
184 187
10 34
15 149
1 214
205 246
131 216
10 155
84 141
115 208
1 106
147 160
45 149
191 203
210 216
58 88
3 152
77 101
108 205
85 221
184 200
43 224
82 152
161 216
12 93
94 162
176 201
80 227
214 227
10 168
49 96
68 109
109 147
128 160
147 173
40 47
191 216
58 101
3 165
89 168
149 219
42 93
121 157
107 222
24 224
63 152
51 61
123 166
183 217
21 155
40 168
114 117
53 107
144 225
77 235
42 214
28 50
33 165
19 230
93 179
137 222
150 161
153 166
89 181
42 106
28 171
146 163
46 225
165 176
65 238
151 241
16 53
183 230
56 125
42 227
0 230
19 243
27 67
51 195
178 236
16 174
136 239
213 230
111 182
4 56
28 184
69 185
60 136
44 128
57 67
4 177
97 139
83 241
14 141
55 142
96 180
201 233
25 236
99 185
159 236
71 123
57 188
76 201
120 244
1 27
37 246
212 247
23 82
64 83
105 121
22 86
8 188
108 126
57 80
103 196
15 83
87 188
120 136
106 201
18 88
59 126
138 190
182 196
8 80
11 85
57 201
194 206
6 155
133 196
193 210
8 201
167 194
186 207
38 80
189 212
82 86
64 217
17 142
77 156
75 83
80 161
112 150
15 217
54 145
73 158
133 209
12 148
31 161
177 215
89 102
75 204
130 140
149 153
126 169
186 220
189 225
142 150
40 102
58 156
204 210
33 99
74 100
93 113
165 218
10 115
51 116
63 207
95 159
7 46
26 59
86 110
218 229
70 102
89 115
116 218
135 231
33 220
148 170
0 43
10 236
211 226
63 99
68 177
21 102
7 167
39 119
102 175
47 239
0 164
74 113
60 178
165 231
46 51
104 221
49 56
48 60
111 116
56 180
157 232
9 105
69 119
14 183
160 237
2 65
125 172
185 186
37 59
23 124
9 226
83 175
28 239
14 75
96 114
60 191
117 173
62 237
120 178
20 240
111 129
243 248
129 183
41 70
173 189
233 240
30 140
16 242
2 78
103 130
48 194
194 248
20 132
106 135
92 237
185 199
17 63
55 89
117 186
136 199
15 138
110 146
85 89
30 153
217 245
24 79
106 148
18 35
4 137
105 189
17 76
3 141
108 194
168 208
80 95
184 189
10 36
15 151
161 205
73 92
119 208
205 248
36 210
214 216
66 89
198 208
115 210
54 200
87 148
73 213
188 200
45 151
31 216
191 205
108 207
149 208
168 221
66 210
126 224
79 149
98 162
63 141
12 95
31 108
17 210
116 152
28 39
33 154
179 208
198 221
137 211
54 213
128 162
21 36
12 216
72 230
89 170
28 160
61 108
102 109
126 237
19 111
46 214
183 219
21 157
141 222
158 162
61 229
9 39
102 230
93 181
179 221
220 222
169 176
21 49
213 219
72 243
190 235
83 109
14 238
162 173
148 238
46 227
165 178
183 232
81 184
227 238
185 241
37 114
42 229
83 230
74 181
60 246
13 171
178 238
95 240
7 127
134 168
20 66
6 131
37 235
92 171
56 248
4 58
44 130
30 195
71 233
164 195
2 133
208 238
15 72
120 125
106 190
23 192
157 192
96 182
8 69
113 122
99 187
71 125
131 139
194 195
152 198
64 85
105 123
110 201
22 88
66 131
85 144
71 246
145 195
43 147
84 185
122 211
59 128
119 142
64 206
163 185
22 209
55 157
182 198
11 87
112 139
184 244
24 26
10 91
175 195
1 42
31 150
105 136
91 201
17 23
110 214
3 88
75 193
94 206
85 157
24 147
170 201
82 88
45 206
12 29
31 42
91 93
3 209
163 198
182 211
140 214
82 209
101 222
18 224
174 212
31 163
177 217
70 91
88 145
33 209
167 209
19 45
79 96
24 160
211 215
128 217
21 91
141 156
86 220
12 42
42 150
162 215
33 101
74 102
79 217
165 220
32 105
35 110
54 160
95 161
7 48
174 225
26 61
12 163
218 231
135 233
88 158
33 222
46 161
151 177
211 228
7 169
26 182
86 233
204 225
83 164
102 177
14 64
74 115
165 233
51 131
21 225
95 174
136 175
81 239
34 164
37 169
111 118
9 107
28 120
69 121
148 185
93 249
41 59
13 226
151 190
192 228
35 244
20 121
39 134
92 226
166 175
37 61
23 126
28 241
229 231
96 116
60 193
118 134
159 172
48 75
34 177
240 245
111 131
97 196
110 135
55 199
173 191
25 64
71 180
217 234
48 196
134 236
15 19
87 124
106 137
6 199
18 24
59 62
185 201
17 65
229 244
36 78
187 247
44 198
85 199
43 202
117 188
18 145
4 247
97 209
91 135
11 142
52 143
131 207
43 94
84 132
103 145
87 137
106 150
147 151
105 191
191 194
17 78
3 143
22 156
85 212
38 137
43 215
203 204
142 194
1 218
161 207
18 158
133 145
119 210
31 97
36 212
154 204
214 218
33 143
24 94
1 110
73 215
207 215
210 220
58 92
130 197
149 210
61 97
126 226
19 100
101 169
1 231
100 210
12 97
31 110
42 205
75 153
176 205
88 92
74 157
93 170
179 210
198 223
5 57
46 95
156 226
95 216
40 51
12 218
70 159
190 224
28 162
102 111
47 175
19 113
146 154
63 156
51 65
35 57
7 224
72 124
56 116
42 218
61 231
74 170
60 235
51 186
137 226
90 114
35 178
150 165
114 242
26 129
70 172
102 124
14 240
60 127
132 232
151 245
90 235
35 70
62 173
7 237
81 186
53 124
39 189
97 130
50 55
160 186
60 248
220 237
99 176
118 189
159 227
2 243
29 117
48 130
34 232
153 183
20 68
6 133
212 238
23 73
50 176
127 130
71 235
120 127
106 192
139 140
6 25
4 181
18 79
83 245
36 133
55 146
8 71
25 240
159 240
38 179
71 127
112 128
131 141
117 243
175 184
92 186
110 203
196 243
22 90
108 130
127 143
112 249
145 197
186 198
84 187
103 200
1 152
106 205
78 143
119 144
36 146
182 200
80 152
121 190
98 206
131 154
10 93
1 44
54 136
133 200
86 88
75 195
52 211
79 85
10 214
43 162
84 200
82 90
40 93
100 144
64 221
17 146
3 211
77 160
121 203
140 216
101 224
54 149
155 201
193 227
31 165
158 206
89 106
149 157
28 96
47 109
107 160
0 34
93 225
126 173
109 206
169 220
21 93
26 171
204 214
162 217
181 230
19 168
93 117
63 211
51 120
82 224
123 225
21 214
155 214
72 179
148 174
93 238
41 48
5 125
26 184
153 225
20 110
70 227
23 115
9 217
56 63
28 230
5 246
32 120
159 161
95 176
34 166
199 233
92 107
111 120
56 184
97 185
74 238
113 166
32 241
25 53
118 244
71 169
90 182
150 233
111 241
185 190
83 179
28 243
124 180
27 247
99 123
44 187
145 239
136 190
15 129
240 247
6 80
92 120
138 236
8 126
27 139
154 180
25 66
71 182
16 246
2 82
48 198
105 180
36 80
8 247
66 188
99 136
85 201
57 139
84 242
101 145
1 207
87 247
4 249
119 199
55 214
22 37
94 142
154 193
52 145
84 134
115 201
128 140
73 204
188 191
45 142
58 81
77 94
22 158
80 99
66 201
140 150
85 214
38 139
161 209
31 99
17 201
58 202
33 145
198 212
5 46
10 161
156 215
68 102
54 204
128 153
114 218
26 105
3 158
121 150
0 89
19 102
79 153
63 145
82 158
95 97
58 215
144 218
28 43
198 225
10 174
156 228
68 115
109 153
153 159
9 151
42 99
83 100
146 156
183 223
62 162
7 226
95 110
227 229
34 100
53 113
102 234
0 223
74 172
60 237
13 162
197 242
90 116
95 231
169 180
53 234
172 185
72 247
23 62
9 164
190 239
14 242
145 173
90 237
62 175
227 242
37 118
23 183
97 132
157 183
27 73
118 191
222 248
4 62
22 79
173 248
85 135
30 199
38 60
2 137
117 124
103 189
122 202
120 129
106 194
166 245
18 81
78 132
124 248
17 122
50 70
108 240
182 189
99 191
140 192
18 202
133 189
45 76
124 140
11 199
167 187
43 151
230 243
87 194
4 196
45 197
17 135
80 154
140 205
38 194
115 148
1 46
174 203
12 141
86 90
31 154
177 208
66 148
107 149
186 213
79 87
24 151
98 100
10 216
68 157
1 167
147 221
45 210
22 226
181 219
19 157
10 108
156 162
95 152
114 165
174 216
26 52
67 90
31 167
158 208
70 95
88 149
33 213
52 226
51 230
68 170
169 222
67 211
172 227
70 216
37 39
102 168
14 55
74 106
13 96
40 229
81 230
72 181
199 222
37 160
28 111
129 163
93 240
60 63
5 127
51 243
49 170
81 122
26 186
39 125
111 230
144 178
55 69
60 184
187 225
44 176
104 227
81 243
139 184
39 246
6 69
69 125
14 189
44 68
76 249
29 174
134 227
166 179
9 232
69 246
85 190
57 128
20 246
180 235
221 236
18 136
97 200
50 125
3 13
8 128
66 69
16 248
29 187
48 200
87 128
6 203
92 243
4 130
36 82
108 187
168 201
25 189
80 88
57 141
15 144
1 209
54 72
73 85
18 149
133 136
205 241
110 152
94 144
80 209
154 195
52 147
112 198
198 201
131 211
84 136
115 203
1 101
31 209
105 195
210 211
22 160
149 201
107 204
126 217
19 91
79 142
184 195
63 134
142 198
73 98
116 145
33 147
198 214
65 99
54 206
26 107
12 209
86 158
72 223
191 211
89 163
19 104
49 212
183 212
21 150
100 214
53 102
144 220
42 209
88 96
32 164
109 155
21 42
26 120
153 161
39 59
130 214
42 101
5 182
132 223
151 236
227 231
34 102
53 115
185 234
56 120
83 223
102 236
0 225
239 241
178 231
30 67
16 169
71 105
95 233
136 234
48 121
53 236
139 239
6 124
37 228
39 72
97 242
23 64
113 223
132 236
13 56
44 123
71 226
16 61
34 115
125 233
138 172
124 237
36 124
96 175
41 239
27 75
13 177
25 231
118 193
71 118
57 183
117 234
48 134
1 22
152 191
4 64
64 78
69 193
27 196
66 124
71 239
57 75
2 139
43 140
66 245
52 81
117 247
29 134
115 137
1 35
152 204
237 248
22 94
8 196
108 134
11 201
186 202
43 153
84 191
170 194
189 207
40 84
45 199
12 22
31 35
75 78
80 156
121 194
112 145
10 97
82 202
18 217
174 205
67 79
12 143
86 92
3 94
47 100
52 215
167 202
10 218
63 81
128 210
147 223
40 97
26 162
45 212
100 148
3 215
74 95
19 159
79 210
95 154
7 41
26 54
67 92
53 157
158 210
130 148
74 216
107 164
0 38
93 229
46 154
81 111
26 175
70 218
89 231
37 41
204 218
83 157
162 221
14 57
35 116
34 157
72 183
160 232
41 52
5 129
132 170
49 172
90 173
35 237
2 60
122 125
153 229
37 54
9 221
83 170
28 234
55 71
13 111
118 127
159 165
123 242
16 116
117 168
62 232
29 55
39 248
6 71
69 127
129 178
32 245
44 70
16 237
90 186
236 240
134 229
106 130
111 245
152 246
4 119
105 171
50 235
36 71
96 122
159 178
11 14
38 117
2 194
76 143
117 181
15 133
20 248
18 138
205 230
17 179
91 128
154 184
11 135
30 148
217 240
24 74
43 87
29 189
84 125
175 243
1 90
87 130
45 133
50 248
124 197
17 71
36 84
77 85
209 241
84 246
10 31
15 146
18 151
133 138
75 133
154 197
112 200
73 208
45 146
86 147
31 211
191 200
3 149
149 203
121 141
107 206
126 219
101 162
54 87
12 90
58 206
42 198
116 147
176 198
80 224
28 34
19 214
179 203
10 165
137 206
68 106
21 31
12 211
86 160
31 224
39 48
70 152
130 203
42 90
28 155
19 106
146 147
151 225
51 58
104 150
68 227
16 37
202 227
40 165
26 230
34 91
53 104
72 117
144 222
157 161
19 227
93 176
197 233
90 107
150 158
7 109
72 238
20 48
39 61
70 165
56 230
171 217
190 230
9 155
14 233
148 233
0 106
60 120
5 184
49 227
123 176
26 243
23 174
83 225
0 227
8 51
178 233
197 246
35 184
117 223
120 228
53 238
92 166
37 230
4 53
50 169
83 117
44 125
71 228
145 177
6 247
97 136
201 230
118 195
30 82
76 198
48 136
120 241
6 139
152 193
36 247
69 195
215 249
127 136
25 125
66 126
11 190
38 64
24 129
57 77
29 244
106 198
59 123
45 188
78 136
64 201
17 126
77 140
163 180
242 244
140 196
112 134
98 199
101 204
175 190
1 37
73 142
133 193
193 207
105 131
17 247
22 96
107 140
126 153
167 191
19 27
63 70
64 214
58 140
33 83
19 148
79 199
82 204
40 207
114 156
155 194
174 207
67 81
158 199
130 137
75 201
149 150
47 102
88 140
107 153
167 204
10 220
49 148
68 161
147 225
40 99
26 164
67 202
100 150
3 217
89 220
204 207
42 145
102 159
47 223
181 223
0 148
93 110
79 212
63 204
35 105
114 169
155 207
12 158
158 212
129 154
74 218
148 167
46 156
51 234
35 226
68 174
109 212
169 226
26 177
39 116
70 220
125 156
89 233
144 169
102 172
47 236
14 59
7 56
39 237
6 60
37 164
116 228
50 103
14 180
74 231
13 221
32 234
25 46
118 237
30 124
2 62
7 177
172 244
39 129
92 221
166 170
4 108
23 121
28 236
36 60
29 57
122 248
37 177
97 191
138 229
243 245
55 194
154 173
233 237
11 124
16 239
217 229
236 242
48 191
175 232
105 173
50 237
22 138
8 240
25 180
66 181
11 245
76 145
120 188
73 76
59 178
36 194
66 73
11 137
85 86
38 240
112 189
24 76
29 191
115 194
3 138
77 87
126 208
167 246
79 133
98 146
161 202
202 203
73 89
100 192
17 194
3 30
75 135
61 200
195 200
33 138
179 192
10 154
114 211
147 159
188 197
58 87
89 154
42 79
47 157
80 105
79 146
32 34
142 202
54 89
42 200
9 23
176 200
46 90
65 103
68 108
95 211
21 33
7 98
67 149
72 227
39 50
171 206
148 222
146 149
65 224
13 34
51 60
68 229
95 103
26 232
144 224
56 111
116 162
201 206
32 168
136 225
48 112
34 214
53 227
39 63
4 42
28 170
69 171
14 235
129 222
146 162
62 168
39 184
6 7
37 111
96 166
8 53
99 171
118 184
219 236
30 71
90 122
2 238
117 225
2 9
136 238
29 112
222 241
48 125
139 243
92 168
23 68
9 170
55 249
71 230
90 243
76 79
106 187
6 249
4 176
97 138
138 176
44 248
118 197
57 187
117 238
203 241
115 128
6 141
18 195
59 233
105 120
50 184
124 133
3 72
127 138
11 192
85 141
186 193
24 131
1 147
87 187
59 125
45 190
12 13
191 244
22 206
108 246
112 136
54 131
59 246
174 196
17 249
91 198
177 201
75 190
94 203
107 142
19 29
186 206
65 145
230 249
1 160
87 200
58 142
77 155
89 209
61 147
121 198
33 85
74 86
93 99
79 201
95 145
174 209
26 45
67 83
86 96
193 222
70 88
47 104
46 145
151 161
51 223
211 212
63 85
49 150
40 101
26 166
86 217
58 155
144 158
162 212
5 228
79 214
35 107
95 158
40 222
218 228
9 91
14 169
46 158
211 225
2 51
7 166
81 115
67 217
125 158
70 222
56 58
83 161
60 177
5 241
206 231
13 102
123 233
16 107
117 159
62 223
136 172
20 226
53 174
180 215
92 102
218 241
74 233
113 161
2 64
29 167
62 115
48 180
39 131
166 172
50 226
124 175
41 177
25 169
99 118
44 182
159 169
104 233
164 247
16 120
57 121
103 237
29 59
18 129
23 244
243 247
8 121
27 134
173 188
25 61
112 178
236 244
43 78
84 116
4 123
36 75
25 182
80 81
186 248
57 134
87 242
54 65
18 142
59 180
45 245
78 193
119 194
17 183
36 196
8 134
94 137
154 188
131 204
24 78
175 247
31 202
64 150
22 153
108 193
149 194
80 94
121 132
140 145
126 210
43 212
161 204
40 143
100 194
72 95
77 210
75 137
61 202
94 150
195 202
93 154
198 207
137 197
128 148
26 100
86 151
89 156
149 207
190 208
0 84
63 140
35 41
72 108
116 151
135 164
176 202
47 51
5 54
46 92
51 170
137 210
156 223
67 151
12 215
86 164
130 207
190 221
83 95
88 210
148 224
60 111
65 226
32 49
44 103
63 153
49 218
104 154
62 157
125 213
37 100
56 113
42 215
14 116
160 170
13 157
51 183
30 60
16 162
35 175
136 227
48 114
6 117
37 221
4 44
171 221
212 222
83 108
14 237
30 181
104 167
62 170
20 173
37 113
138 165
143 243
8 55
25 224
30 73
136 240
1 15
92 170
111 183
4 57
196 227
215 240
22 74
145 181
90 245
38 55
43 133
84 171
117 119
48 248
208 237
166 240
18 76
59 114
23 191
105 230
184 230
18 197
152 197
45 71
105 122
17 238
91 187
196 240
22 87
8 189
66 130
11 194
103 197
189 200
87 189
105 243
38 189
98 203
10 90
59 248
100 249
114 147
26 34
31 149
89 90
75 192
47 93
107 144
0 18
63 74
189 213
109 190
40 90
45 205
77 157
121 200
0 139
19 152
79 203
165 206
82 208
101 221
21 198
95 147
114 160
155 198
67 85
12 149
86 98
158 203
116 206
88 144
148 158
0 31
46 147
192 201
49 152
128 216
169 217
39 107
42 149
83 150
28 214
47 227
14 50
16 96
136 161
53 163
72 176
158 216
199 217
218 230
28 106
14 171
160 225
113 150
5 122
132 163
35 230
81 117
67 219
134 209
23 112
143 177
41 166
164 236
16 109
48 61
34 163
39 241
78 169
69 120
55 185
8 110
32 238
11 115
35 243
76 244
2 66
122 131
166 174
23 125
105 164
50 228
124 177
69 241
96 115
108 169
187 233
44 184
118 133
145 236
120 179
180 230
97 195
224 236
243 249
8 123
233 241
112 180
131 193
217 233
236 246
15 247
87 123
92 238
4 125
228 247
145 249
24 188
43 201
84 239
45 247
91 134
110 147
65 81
156 199
1 96
147 150
3 142
89 145
22 155
130 183
149 196
61 83
80 96
24 201
10 37
183 194
202 207
205 249
31 96
77 212
135 153
195 204
5 43
54 201
7 89
26 102
31 217
72 218
42 83
61 96
0 86
19 99
46 202
79 150
32 38
82 155
183 207
35 43
202 220
81 159
141 210
34 84
116 153
61 217
102 218
0 207
32 159
49 99
90 100
35 164
26 115
72 231
20 41
70 158
171 210
88 212
146 153
13 38
44 105
49 220
164 170
16 43
35 56
21 158
81 172
0 220
74 169
60 234
32 172
44 226
30 62
90 113
76 178
48 116
34 218
20 54
37 223
56 236
97 237
171 223
23 59
212 224
69 175
41 113
113 218
44 118
71 221
104 169
164 183
103 173
106 178
6 11
157 180
127 237
200 227
30 75
76 191
203 232
6 132
37 236
133 173
212 237
105 111
110 189
215 242
8 178
113 231
25 118
66 119
90 247
131 248
4 180
119 130
210 248
200 240
52 76
112 127
57 191
101 197
175 183
1 30
152 199
193 200
105 124
17 240
110 202
52 197
126 146
19 20
186 197
24 135
1 151
147 205
45 194
64 207
58 133
77 146
22 210
61 138
79 192
10 92
54 135
40 200
73 148
155 187
174 200
26 36
86 87
3 89
94 207
176 246
52 210
0 20
167 197
10 213
49 141
128 205
21 79
67 195
100 143
86 208
61 151
0 141
33 89
19 154
74 90
32 93
63 197
40 213
26 49
12 151
72 165
9 82
135 221
28 95
74 211
148 160
0 33
93 224
5 111
132 152
49 154
47 229
162 216
206 222
13 93
32 106
16 98
39 230
6 53
37 157
92 93
14 173
129 160
41 47
62 106
134 211
83 165
69 230
206 235
13 106
25 160
145 225
29 50
120 168
4 222
111 119
97 184
69 122
14 186
96 225
110 123
8 112
113 165
13 227
11 117
122 133
175 225
194 238
1 72
106 125
111 240
22 131
11 238
57 125
43 190
29 63
161 182
106 246
221 233
31 72
17 174
36 187
110 136
55 200
182 241
94 128
99 243
140 244
175 238
133 241
59 63
45 128
64 141
50 243
58 67
3 131
77 80
22 144
108 184
209 236
61 72
80 85
126 201
167 239
142 182
1 206
161 195
54 69
73 82
36 200
94 141
80 206
52 144
79 247
112 195
24 82
115 200
68 88
128 139
188 190
31 206
130 185
75 249
42 72
80 98
107 201
126 214
24 203
98 152
183 196
21 134
75 141
61 206
135 155
80 219
28 29
195 206
19 209
93 158
179 198
198 211
5 45
46 83
156 214
54 203
7 91
12 206
31 219
72 220
39 43
130 198
171 199
5 166
65 217
13 27
151 220
95 96
125 204
144 217
42 206
9 29
60 223
51 174
114 230
34 207
67 155
37 212
111 161
190 225
9 150
148 228
44 107
78 105
102 233
41 223
160 174
60 236
99 164
44 228
30 64
16 166
117 218
136 231
29 105
134 158
120 223
53 233
139 236
153 171
152 175
231 239
50 164
215 231
27 180
71 223
2 123
122 188
20 177
106 180
4 169
23 182
83 233
41 236
8 59
25 228
219 242
71 115
57 180
29 118
6 134
105 113
3 65
127 131
154 234
71 236
112 237
84 175
29 239
15 75
188 232
124 247
3 186
36 134
22 199
80 140
101 199
142 237
175 185
1 32
59 239
45 75
31 140
17 242
91 191
177 194
237 245
22 91
94 196
33 186
24 137
84 188
170 191
22 212
42 127
140 204
52 91
98 207
225 248
63 186
51 95
82 199
54 137
40 202
67 76
193 215
31 153
177 207
70 81
75 196
116 197
63 78
26 159
67 197
172 213
181 218
74 92
19 156
51 108
82 212
123 213
137 148
40 215
114 164
7 38
199 208
218 221
70 94
56 159
116 210
192 205
49 156
68 169
150 208
2 44
169 221
7 159
81 108
141 159
172 226
20 98
144 164
28 218
206 224
117 152
136 165
29 39
34 154
20 219
39 232
138 211
9 97
132 167
71 157
7 172
48 173
153 226
39 124
92 216
4 103
50 219
69 232
36 55
60 183
25 162
99 111
44 175
118 124
104 226
164 240
76 127
136 178
29 52
15 117
120 170
20 232
180 221
39 245
18 122
92 108
78 173
224 227
157 237
36 176
69 124
96 227
99 232
173 181
118 245
16 234
122 135
87 114
27 248
11 240
2 191
43 192
189 246
15 130
54 58
221 235
18 135
59 173
78 186
45 238
17 176
91 125
182 243
140 246
98 249
10 136
29 186
115 189
73 192
45 130
105 181
17 68
75 238
168 200
126 203
10 28
54 71
205 240
72 88
58 190
91 138
77 203
163 243
75 130
94 143
80 208
121 246
38 248
10 149
73 205
188 192
26 93
67 131
31 208
191 197
3 146
89 149
42 74
47 152
121 138
40 149
26 214
12 87
56 93
61 208
9 18
179 200
46 85
32 150
49 90
12 208
171 201
83 88
0 90
46 206
39 166
83 209
9 31
14 109
19 224
32 163
118 166
51 176
178 217
71 91
90 104
95 219
53 222
111 163
23 50
83 101
14 230
129 217
60 117
113 209
132 222
13 42
104 160
49 224
164 174
125 219
78 107
143 236
60 238
8 48
178 230
30 66
2 233
76 182
117 220
34 222
120 225
6 123
37 227
92 163
111 176
69 179
110 180
8 169
132 235
11 174
85 123
48 241
15 64
23 184
105 223
119 121
124 236
143 249
55 136
96 174
8 61
25 230
112 118
222 249
115 123
15 185
120 238
73 126
18 190
196 233
8 182
112 239
43 139
29 241
115 244
170 180
18 82
105 236
124 249
163 177
108 241
24 247
133 190
193 204
75 185
135 199
47 86
52 201
167 188
186 201
65 140
189 206
230 244
54 247
21 70
40 83
100 134
86 199
12 21
77 150
121 193
74 81
79 196
54 139
95 140
12 142
158 196
177 209
130 134
75 198
33 201
74 202
46 140
109 196
21 83
7 148
67 199
141 148
172 215
125 140
89 217
28 207
102 156
181 220
93 107
5 223
165 212
13 84
32 97
7 40
158 209
199 210
37 148
70 96
116 212
74 215
160 218
113 143
132 156
51 231
169 223
62 97
7 161
81 110
172 228
14 56
60 172
5 236
13 97
123 228
164 229
16 102
76 116
62 218
117 154
29 41
39 234
199 223
23 226
138 213
9 99
8 103
41 51
13 218
35 236
43 60
29 162
48 175
194 229
111 231
152 232
9 220
50 221
36 57
55 70
96 108
27 237
99 113
159 164
30 242
145 229
164 242
57 116
106 237
180 223
221 224
18 124
92 110
36 178
96 229
8 116
94 119
27 129
154 170
38 224
57 237
217 226
236 239
6 191
18 245
4 118
105 170
91 235
22 135
127 188
228 240
25 177
145 242
24 181
57 129
98 130
4 239
45 240
31 76
110 140
182 245
154 183
140 248
33 122
66 70
112 186
10 138
115 191
175 242
86 133
31 197
149 189
61 76
80 89
66 191
121 127
98 143
43 207
84 245
63 122
82 135
12 76
204 246
75 132
116 133
61 197
135 146
179 189
198 202
5 36
63 243
137 192
26 95
31 210
130 189
190 203
47 154
234 246
126 218
65 208
49 200
35 36
21 138
40 151
81 152
26 216
100 202
34 77
42 197
14 98
93 162
179 202
51 165
197 219
67 146
72 224
20 34
171 203
23 39
28 154
102 103
129 206
148 219
132 211
32 44
123 162
21 151
53 103
125 208
56 108
42 210
138 147
157 160
102 224
27 50
118 168
159 206
30 55
197 232
76 171
136 222
6 112
4 39
212 217
23 52
50 155
14 232
215 222
151 237
104 162
145 163
2 114
62 165
208 219
106 171
125 221
4 160
36 112
55 125
11 55
178 232
2 235
222 238
34 224
139 240
1 10
92 165
152 179
45 53
36 233
69 181
215 235
27 184
11 176
145 176
38 50
43 128
103 179
15 66
6 246
207 236
18 71
4 173
78 122
119 123
127 243
66 233
200 233
11 68
117 235
10 72
115 125
175 176
120 240
133 179
64 79
91 182
196 235
108 122
8 184
154 238
126 139
115 246
189 195
230 233
73 249
40 72
45 187
64 200
58 126
77 139
108 243
182 192
61 131
80 144
140 195
52 82
184 238
73 141
155 180
174 193
177 198
176 239
47 88
107 139
0 13
126 152
65 142
63 69
128 198
100 136
3 203
61 144
181 209
33 82
63 190
40 206
7 29
86 93
72 158
56 150
116 201
47 101
93 217
5 104
151 158
51 220
68 160
62 86
7 150
153 204
86 214
144 155
83 145
146 201
5 225
206 215
39 223
9 88
74 217
151 171
51 233
30 110
16 212
49 160
150 212
169 225
62 99
7 163
34 37
172 230
39 115
4 94
23 107
9 209
83 158
36 46
25 153
44 166
164 231
2 169
136 169
120 161
138 215
50 102
55 180
160 233
113 158
13 220
99 223
25 45
71 161
90 174
103 113
122 126
194 231
92 220
69 236
143 185
96 110
127 177
228 229
11 231
164 244
2 182
76 131
20 236
18 126
64 242
138 228
243 244
110 129
8 118
94 121
112 175
84 113
29 177
6 193
50 236
17 59
94 242
168 191
61 65
228 242
186 245
103 247
10 19
15 134
101 137
36 193
77 194
3 16
38 239
112 188
216 245
109 119
73 196
86 135
89 140
209 242
61 78
126 207
79 132
65 197
98 145
68 202
109 240
142 188
183 189
100 191
58 194
135 148
33 137
46 76
63 245
54 196
7 84
72 213
42 78
13 20
104 138
49 202
202 215
141 205
102 213
93 164
13 141
46 89
32 154
137 207
26 110
70 153
171 205
146 148
16 38
35 51
7 218
81 167
122 168
141 218
37 97
9 35
41 216
160 167
60 229
99 157
118 170
11 44
35 172
136 224
29 98
53 226
139 229
6 114
92 154
152 168
50 157
55 235
129 221
25 100
164 178
185 237
143 240
127 232
8 52
27 65
99 170
30 70
120 229
18 181
78 232
97 245
3 58
215 237
113 226
11 178
30 191
145 178
48 245
15 68
1 133
106 186
6 248
166 237
18 73
119 125
64 189
105 227
210 243
80 133
140 184
57 186
184 227
115 127
161 243
133 181
78 245
119 246
174 182
193 195
177 187
110 197
22 84
33 179
52 192
112 243
43 143
128 187
45 189
119 138
17 127
3 192
149 246
61 133
121 184
19 136
79 187
98 200
10 87
142 243
73 143
155 182
100 246
193 208
58 249
88 128
33 192
93 206
137 249
170 197
82 84
68 149
67 190
86 203
172 206
61 146
88 249
162 198
5 214
63 192
51 101
67 82
116 203
9 77
14 155
47 103
129 142
46 144
132 147
32 209
35 214
153 206
39 104
70 208
125 144
102 160
162 211
14 47
41 150
5 227
6922.55
1992.31
5331.02
9182.23
3968.92
1496.25
3992.27
1262.77
605.78
7623.42
1667.39
3242.84
8886.11
7983.34
8106.58
2797.70
859.32
3305.46
6693.38
5729.13
8696.82
3052.01
4510.02
4114.74
5751.28
4236.73
1333.32
4407.15
6734.56
1498.82
4184.04
2210.88
2341.81
9016.48
9605.87
4021.30
6713.96
1306.43
7176.88
5966.69
9886.50
4656.45
9576.44
8944.94
690.28
5406.30
4027.83
4051.41
5666.99
6091.06
2775.33
5134.10
3255.54
4918.76
604.85
8994.51
8393.46
894.51
1817.13
8534.66
6184.30
9200.54
2337.24
2905.12
8272.14
8718.34
2505.35
9732.26
5116.29
5097.71
2137.15
6101.92
8138.83
1172.03
8736.97
9803.83
1467.48
60.55
2948.68
6904.68
8393.68
7868.62
4629.96
1819.53
1235.51
8076.60
4875.66
1973.97
2552.01
2369.55
4740.71
6257.68
6468.88
9415.07
6117.88
3662.78
5923.29
1508.93
5788.65
2215.19
7859.05
5596.68
3727.10
4299.09
4735.02
3217.65
6729.58
5689.30
4258.33
2033.53
2772.54
3380.75
8788.86
8050.58
312.42
9031.67
3885.34
2699.51
4931.54
9580.13
983.87
4022.22
7221.70
4334.56
5640.05
2467.04
3143.80
4942.67
1196.47
8164.58
8209.98
2915.96
8049.99
1637.66
4011.07
5951.68
4767.01
8067.30
5850.53
8914.40
4110.08
8066.77
8307.28
7120.12
4958.88
6654.92
6621.84
5174.05
4661.50
648.72
8262.26
5061.23
6948.32
3591.73
2773.30
7441.39
428.84
1316.48
1316.28
750.73
654.99
994.95
8274.98
5871.66
8489.50
2102.84
8754.05
5710.49
6360.71
5758.73
7383.14
5155.81
4441.54
291.84
8978.00
3978.80
499.85
329.24
1001.07
791.71
1078.11
5114.27
1732.89
2850.65
2377.11
4732.66
880.82
6972.52
4935.60
3441.90
6061.38
6142.70
7993.61
9009.33
5629.24
1784.90
4124.21
4006.01
3104.87
4079.71
4323.65
8907.90
1599.19
6588.29
7057.53
7156.65
8522.87
8978.05
3654.02
7654.82
8586.97
6953.50
2884.66
7911.05
9327.53
3651.66
6555.73
9930.17
3139.72
3257.29
7640.87
4772.89
8292.54
672.46
2409.27
6282.40
6124.93
19.60
1728.15
5841.06
654.40
3620.66
7441.79
9307.48
9814.49
6616.70
3126.81
9730.34
1969.37
9380.50
894.73
4930.84
6836.05
3176.91
4143.34
4952.02
1503.20
8015.64
2501.53
5904.34
