250 0
9130.71
2339.47
1303.80
1255.13
6003.94
5458.11
5897.43
540.83
2574.75
1965.35
1200.40
8353.29
6899.22
9292.44
8248.53
8414.52
9789.52
9166.81
9900.36
8618.10
5770.56
2374.50
4811.80
1801.92
3001.04
8966.58
4251.70
2246.27
6062.29
9034.57
6115.29
3556.04
7593.28
7867.99
5115.51
195.20
4101.57
5195.09
9865.18
428.05
2676.39
9530.89
8722.16
3677.22
9989.97
8644.98
4300.28
4475.98
1985.36
6352.11
8991.62
3387.32
7976.32
8190.86
8982.79
6983.02
445.31
605.74
8774.29
3099.70
55.88
4165.93
3395.85
632.80
6811.92
3884.07
5594.80
4230.01
841.02
7778.06
7566.80
3897.08
2487.88
5970.53
3339.17
7694.91
3840.60
2578.45
9266.17
6632.55
5436.16
4143.57
2185.03
5998.04
6463.47
8418.22
7734.54
847.71
6597.15
3926.45
7801.47
6672.13
9233.14
1654.97
6828.15
1650.95
7713.51
6507.50
7250.94
7308.06
5891.84
2601.57
2513.57
1530.11
3979.37
5769.47
3018.90
6941.92
6769.52
5781.09
3327.87
6464.06
5814.33
4428.45
3673.64
6302.52
6511.85
4439.02
7665.98
4690.90
74.66
1043.06
9157.60
3922.62
5565.39
2877.76
2264.56
1826.39
9783.70
8578.35
5125.00
3868.59
1.85
6525.97
7801.44
4421.65
9344.34
2113.24
3354.47
3211.19
1772.63
8924.37
5441.10
1545.29
7088.62
5258.37
9534.67
9995.18
4164.83
9897.04
870.97
3456.30
3783.21
824.20
1860.46
3260.80
2811.83
7645.11
4948.73
5039.09
867.11
8797.15
324.10
1696.54
7134.33
9008.12
2856.55
7262.85
6242.35
2725.95
4837.90
3152.27
9924.40
4044.96
1728.95
889.58
8911.12
812.90
4143.16
2982.09
5719.79
8313.82
7680.33
8496.73
8057.57
3646.44
2317.46
8315.62
8866.93
9615.25
7207.61
9193.27
4292.95
2578.12
4611.90
1488.05
2691.78
3394.55
6456.77
1725.07
8472.72
8962.48
7239.54
23.33
8618.01
3402.45
4022.68
5516.53
7565.90
2617.59
2400.90
4773.92
5832.51
6782.22
8627.41
3299.44
5003.23
2846.59
9135.79
7834.15
6531.73
7492.93
5959.68
1956.80
8201.00
5149.94
3997.17
9375.59
2585.12
5005.48
4681.91
4989.45
1929.21
1572.63
5667.91
2071.02
3241.03
506.08
8233.58
8990.71
6959.21
6802.31
5197.39
396.80
6909.28
6670.28
9067.26
5559.54
1875.68
5193.28
