500 0
2868.14
1146.72
8905.81
5645.18
9677.55
3692.68
6156.31
5755.58
3780.25
714.32
3577.43
3456.61
4707.45
2208.19
2946.32
4908.05
3634.10
4674.10
4629.25
4477.03
2229.15
3399.58
5886.48
5676.88
4081.38
1271.09
316.58
6184.73
5058.43
4862.95
1961.78
2568.96
2243.56
3357.49
8761.29
8569.45
4035.12
7585.61
1296.36
6170.09
3340.47
7328.84
8207.37
7809.95
2376.40
7162.15
4993.55
8745.56
9602.46
5567.19
5275.44
9850.78
2111.07
3170.80
5559.39
694.96
248.78
9184.11
9137.59
6762.41
7844.32
1004.13
8401.93
8485.51
9641.49
1885.32
831.97
8175.29
1519.36
6009.25
2035.79
9773.20
7236.12
8534.64
8626.33
3048.91
4234.20
6960.26
1447.04
4639.31
1040.82
1808.40
862.93
595.45
5572.98
1730.69
9725.06
7672.34
5955.63
1769.61
1283.29
1649.57
9766.13
1993.61
537.38
8021.77
7257.29
567.14
2597.91
9712.18
8136.93
6006.60
5432.06
3387.17
7805.28
654.45
3058.62
149.91
2285.63
8592.04
298.87
5001.73
6968.30
775.75
1738.52
6238.99
5088.58
7979.12
1734.52
8821.04
1854.01
6849.83
1037.87
6511.12
9503.26
8282.12
8642.14
5304.39
3241.29
4666.25
356.34
6156.02
1186.01
6293.92
911.25
6793.91
7846.92
526.63
7542.70
6455.87
6794.78
2754.95
2576.29
4077.04
5517.57
2649.49
2299.63
6056.68
259.31
7790.42
5888.84
9161.86
6133.97
8049.56
1188.86
1776.82
2197.00
9130.89
6744.31
455.35
4946.05
5970.74
1688.81
5489.93
7661.89
5574.10
1180.36
132.76
598.30
6370.31
2437.81
8270.45
1437.53
7102.01
1434.77
2677.67
430.37
2634.47
634.61
7466.59
3251.17
6645.86
2686.98
1885.34
9484.00
6746.03
7392.80
7365.54
817.88
8952.23
2003.37
6736.36
9029.59
8207.21
677.31
2584.40
8473.73
6701.26
5337.87
5055.30
274.78
9977.43
9283.59
7984.45
5014.38
1251.70
6807.19
538.11
7510.30
1269.26
6019.39
4789.41
4104.11
9315.78
5777.86
2966.74
7059.13
8746.12
3873.63
6245.85
3536.44
3378.10
2216.29
5550.30
8245.61
7923.65
2202.52
8698.64
5666.44
8223.19
2328.40
5354.99
7177.65
8777.18
556.68
3668.04
2418.15
5866.55
267.52
4403.47
6405.54
9764.90
4424.72
4074.58
3551.95
4837.77
5098.64
6978.23
4125.01
5469.23
8876.95
1612.35
2139.31
7131.02
9277.47
5605.66
2418.23
6932.63
6824.08
5415.29
7008.21
3005.64
6843.31
5341.30
1638.76
2535.47
7010.09
7080.74
1072.27
3085.83
2961.42
8180.48
1940.31
8029.42
2678.62
5033.81
5657.78
2022.26
318.98
1524.32
3905.34
9756.77
6055.90
2936.11
4543.72
7719.69
8677.18
9562.94
4665.08
164.10
867.63
5264.71
7686.37
1457.38
8286.47
2885.23
492.94
8673.43
4074.95
4612.44
3066.20
1096.02
7522.22
1563.44
1410.20
1597.78
9451.52
9129.79
2859.56
4132.87
3490.03
2062.00
6250.07
8694.97
9093.05
8952.42
2782.81
3453.26
665.16
7373.25
9293.29
5217.98
8539.56
7977.02
5992.63
4343.08
8852.85
1198.10
2559.87
586.79
9452.84
7224.11
5545.62
1803.16
1605.29
1214.98
4561.23
5852.29
2065.53
2859.28
9673.17
6910.54
3158.53
7335.77
2131.69
4619.96
7447.46
2009.31
959.07
6313.14
5280.49
8957.06
4841.39
2783.17
3393.94
1723.36
2683.29
5853.36
7645.10
8963.65
7237.57
348.10
9650.48
5337.15
3008.76
7834.12
6629.03
5231.59
5123.98
1175.16
6535.05
7942.26
7578.53
3979.70
260.97
2943.31
1911.37
1703.54
8997.79
7892.13
6775.13
4136.21
4944.99
3113.43
1774.14
5508.19
6619.46
4772.21
4408.82
9628.10
4381.57
5535.64
9867.56
458.72
6983.10
1184.44
7914.74
4380.84
1316.44
57.91
3662.00
9973.19
4831.87
4026.76
4257.48
7918.48
6114.12
289.74
4592.07
8288.80
39.82
280.70
1810.13
1972.49
7376.15
5204.16
6688.68
230.52
4340.87
3551.63
593.18
7423.86
562.23
9521.17
8299.06
1834.08
931.02
9137.88
3278.52
7609.49
696.07
8312.13
1832.38
6849.85
7985.17
6119.14
5945.92
8899.00
5298.35
9077.70
8060.26
6271.19
6882.68
9612.34
671.49
9593.46
7049.77
2895.23
1079.21
9205.40
1858.41
1087.88
3344.94
4674.60
4554.43
6909.21
5416.88
422.94
8184.50
3070.19
9061.58
3403.96
8614.85
472.65
2724.49
839.10
6822.59
3702.79
7390.11
7669.35
103.59
5382.63
369.44
8551.16
308.17
338.74
4189.24
9787.28
1177.23
4888.75
1942.84
3644.39
759.71
6290.92
1344.80
9305.29
1978.56
6495.95
6638.18
7505.57
2355.35
1902.43
1575.36
1298.21
6337.34
5547.07
2844.32
6975.40
5654.04
5985.34
