100 150
11 64
19 25
83 16
74 91
69 48
42 19
21 38
32 83
58 60
56 44
60 1
54 32
17 76
18 89
35 87
82 92
73 75
1 57
46 82
60 74
40 6
95 51
70 55
14 45
69 79
65 54
22 97
58 12
28 84
15 23
47 69
100 47
47 67
7 81
54 81
61 57
69 71
42 34
80 85
99 21
40 96
11 31
44 37
35 90
89 55
16 6
95 100
91 2
4 2
85 3
88 2
58 56
56 1
19 5
46 51
75 29
12 80
52 38
10 13
71 36
49 17
45 68
78 66
66 25
28 86
7 13
1 37
63 75
54 49
65 59
70 71
87 47
32 44
48 99
79 50
4 20
75 79
37 86
87 77
47 2
28 54
25 77
44 6
23 29
50 23
95 17
32 56
41 69
54 58
48 77
21 4
15 62
27 79
97 31
23 86
98 5
13 62
83 1
72 70
99 73
9 76
24 95
85 48
36 80
18 6
7 54
23 89
42 22
26 49
7 25
66 15
38 84
89 73
82 2
8 62
22 56
33 15
25 23
26 85
43 59
99 40
97 17
13 96
8 73
97 53
37 16
69 83
43 6
37 54
21 67
18 65
61 6
19 53
81 32
71 80
58 82
29 10
59 38
29 6
53 34
32 57
2 63
57 92
45 90
34 22
63 70
24 59
36 7
44 36
84 74
46
15
16
47
24
2
7
45
17
49
36
30
33
45
49
24
25
42
39
41
45
7
3
45
19
16
32
44
3
11
25
21
39
40
3
16
27
15
26
41
28
49
15
11
9
30
18
39
27
13
37
37
39
38
38
31
36
20
41
46
31
25
25
1
34
31
16
35
1
16
22
25
8
29
7
36
14
20
13
31
48
16
41
29
21
49
3
12
26
3
41
27
47
20
32
12
41
37
49
48