50 248
7 17
1 31
15 30
26 30
19 46
41 49
43 46
44 45
2 39
7 35
29 32
8 9
39 42
0 5
14 22
34 37
3 31
20 47
28 30
11 23
4 39
3 49
27 34
4 48
6 11
41 42
8 39
7 19
30 39
10 45
13 44
11 44
2 41
35 44
44 47
14 15
20 31
38 46
0 7
2 4
5 21
21 39
31 40
15 16
7 12
25 27
16 24
7 21
24 37
42 43
25 45
14 17
5 14
31 33
39 46
9 12
4 25
22 39
12 38
3 35
3 44
36 41
8 34
30 34
28 46
16 26
30 43
11 39
10 49
0 48
22 23
6 36
5 16
23 31
3 28
6 45
26 48
3 37
19 27
27 40
2 20
28 39
28 48
5 9
39 41
12 24
14 21
5 18
4 20
15 41
12 33
6 47
14 30
4 29
21 36
21 45
1 5
23 33
1 14
31 37
17 32
45 48
27 42
0 25
28 41
19 38
37 44
2 31
30 47
2 40
3 14
13 46
23 26
14 23
26 43
18 39
23 35
6 49
14 32
23 44
1 7
17 25
13 18
27 35
7 11
1 25
9 30
10 28
37 46
0 36
6 15
13 39
26 36
6 33
13 48
15 45
23 28
4 33
17 18
0 11
34 43
9 23
5 34
28 36
47 49
14 46
25 28
19 42
30 42
0 38
13 32
6 26
18 34
21 33
38 49
22 34
10 14
2 10
20 46
28 29
27 39
10 32
2 28
28 47
7 18
24 34
12 14
6 28
32 47
4 10
7 27
24 43
35 43
38 42
18 36
43 47
44 46
18 45
2 3
20 39
3 32
17 31
8 28
10 25
20 48
11 24
28 40
19 37
9 36
0 33
9 45
15 24
41 43
12 16
32 49
16 32
33 48
1 43
15 42
4 21
22 29
17 24
10 18
0 17
2 14
12 46
3 43
2 23
11 26
28 42
37 45
13 20
15 17
32 33
1 27
32 42
4 5
7 22
25 37
7 31
1 45
15 44
26 44
0 1
22 31
3 27
17 26
40 46
12 39
0 19
17 35
12 48
9 40
15 19
7 15
1 29
6 25
35 40
22 24
9 15
40 48
2 9
31 45
9 24
11 21
2 18
4 37
3 47
66.80
84.82
53.88
91.62
86.56
70.52
85.30
86.68
80.02
87.41
78.47
69.14
82.12
68.58
56.94
77.28
80.56
89.60
59.99
61.64
88.81
80.86
67.94
89.47
60.63
54.16
92.35
86.12
97.87
51.50
67.57
51.91
60.90
50.02
69.77
94.68
63.36
61.97
97.40
78.52
91.65
85.50
88.10
72.43
85.56
66.08
51.80
85.25
57.50
62.69
