350 200
303 235
223 183
262 152
11 288
24 246
186 150
32 111
69 335
344 28
73 104
268 191
78 250
286 12
144 199
181 72
147 270
25 35
194 23
61 38
274 284
269 220
253 203
277 113
168 297
300 39
68 328
132 272
234 305
148 209
254 25
6 13
174 193
184 338
34 243
51 255
299 49
44 301
303 320
39 73
344 60
98 122
168 129
258 167
45 25
32 116
34 98
211 101
224 42
142 273
26 64
322 341
247 104
8 72
281 106
172 180
301 142
268 194
276 245
282 165
68 192
77 306
233 231
257 12
70 296
44 315
184 175
75 113
117 56
45 40
188 255
192 83
125 42
116 225
54 149
102 338
92 3
280 277
200 286
268 15
221 178
248 305
212 266
216 325
18 233
49 213
169 334
337 156
130 189
154 272
222 150
149 103
326 181
68 104
220 133
281 196
123 165
2 345
212 231
302 190
158 75
202 146
51 178
73 238
71 37
114 349
129 139
14 68
209 204
318 340
9 135
124 315
288 27
57 165
120 166
184 1
54 190
325 139
133 237
180 125
281 283
145 138
150 159
196 194
23 317
4 38
314 163
39 341
174 293
43 116
254 236
262 26
248 144
122 244
234 35
151 264
93 225
230 225
52 26
49 191
36 207
102 146
163 107
4 107
325 282
100 74
340 100
78 223
168 96
29 323
327 338
254 96
127 298
39 283
211 94
224 211
245 282
277 162
121 347
183 308
191 214
286 178
267 249
76 99
182 286
121 159
340 50
328 304
102 217
138 71
162 252
215 337
128 57
45 182
345 109
14 122
88 176
100 125
146 234
226 223
87 247
294 177
203 285
275 334
328 208
341 262
19 132
176 232
218 51
264 55
38 57
147 300
90 236
104 122
56 115
168 163
219 192
280 133
315 34
260 271
260 270
5
34
23
28
32
29
17
34
4
11
7
39
17
1
25
35
13
15
3
13
31
19
11
10
18
6
27
26
21
14
5
15
12
19
7
4
34
19
25
4
6
39
5
30
39
28
3
29
40
30
12
31
4
1
29
36
12
19
12
7
21
7
32
23
7
25
33
25
16
5
23
37
4
19
11
19
18
40
26
2
10
16
33
25
8
23
32
23
12
35
18
14
11
11
30
13
26
11
27
1
23
28
1
5
33
17
40
36
31
39
7
28
27
9
19
38
29
11
40
35
39
17
24
31
12
10
17
24
1
27
30
27
22
30
13
28
18
38
7
19
7
25
35
27
20
14
26
34
6
4
37
20
26
22
19
19
18
16
10
16
31
7
36
14
32
25
13
12
30
27
39
37
40
21
17
8
37
21
36
22
36
35
29
1
30
11
30
13
18
25
30
3
34
23
8
13
23
19
36
12
40
23
23
38
36
19
17
2
21
11
3
21
7
34
39
21
32
2
23
29
38
16
25
20
6
37
29
35
12
33
40
31
25
4
19
16
7
8
2
39
1
9
25
31
28
31
24
36
3
28
19
2
7
10
5
14
34
32
28
40
3
39
12
10
34
23
22
7
21
23
34
19
33
12
25
39
35
23
14
40
9
16
13
13
16
14
34
7
23
34
40
4
21
2
10
27
18
33
9
6
33
39
22
13
29
13
25
24
1
27
11
36
30
10
27
34
10
20
33
4
13
24
29
23
24
32
1
18
35
36
17
13
3
12
16
36
24
36
31
20
24
40
12
26
23
5
28
40
11
31